0.0	7.20607	44.17005378601105	0
0.076447258848	7.20607	45.5149495758536	0
0.152894517696	7.20613	52.0746904959846	0
0.229341776544	7.20617	53.48607318603189	0
0.30525815165	7.2062	73.03609564082086	0
0.381705410498	7.20627	74.17919971427376	0
0.45815266934599996	7.20637	74.98210139917279	0
0.5345999281939999	7.20647	82.65964917392489	0
0.6110471870419999	7.20657	106.71495583865465	0
0.68749444589	7.2067
0.7639417047379999	7.2068
0.8403889635859999	7.207
0.9163053386919999	7.20713
0.9927525975399999	7.20733
1.0691998563879999	7.20753
1.145647115236	7.20773
1.2220943740839998	7.20797
1.298541632932	7.20823
1.37498889178	7.20847
1.4514361506279998	7.20877
1.527352525734	7.209
1.6037997845819998	7.20933
1.6802470434299999	7.20963
1.756694302278	7.20997
1.8331415611259998	7.21037
1.909588819974	7.2107
1.9860360788219997	7.2111
2.06248333767	7.21147
2.1383997127759997	7.21183
2.214846971624	7.21227
2.291294230472	7.21273
2.3677414893199997	7.2132
2.4441887481679996	7.21363
2.520636007016	7.21413
2.597083265864	7.2146
2.673530524712	7.2151
2.749446899818	7.21563
2.825894158666	7.2162
2.9023414175139997	7.21677
2.978788676362	7.2173
3.05523593521	7.2179
3.1316831940579997	7.2185
3.2081304529059995	7.2191
3.284046828012	7.2197
3.3604940868599997	7.2204
3.4369413457079996	7.22107
3.513388604556	7.2217
3.5898358634039997	7.22243
3.6662831222519996	7.2231
3.7427303810999994	7.2238
3.819177639948	7.22453
3.8950940150539997	7.2253
3.9715412739019995	7.2261
4.04798853275	7.22683
4.124435791598	7.22767
4.2008830504459995	7.22847
4.277330309293999	7.22927
4.353777568142	7.2301
4.43022482699	7.23097
4.506141202096	7.23187
4.582588460944	7.23273
4.659035719792	7.23363
4.7354829786399995	7.23457
4.811930237487999	7.2355
4.888377496335999	7.23643
4.964824755184	7.2374
5.041272014032	7.23837
5.117188389138	7.23937
5.1936356479859995	7.24037
5.270082906834	7.2414
5.346530165682	7.24247
5.42297742453	7.2435
5.499424683378	7.24457
5.575871942226	7.24563
5.6523192010739995	7.24677
5.7282355761799995	7.24787
5.804682835027999	7.24897
5.881130093875999	7.25013
5.957577352724	7.25127
6.034024611572	7.2525
6.11047187042	7.25367
6.1869191292679995	7.2549
6.263366388115999	7.2561
6.339282763221999	7.25733
6.415730022069999	7.2586
6.492177280918	7.25987
6.568624539766	7.26117
6.6450717986139995	7.26247
6.721519057461999	7.2638
6.797966316309999	7.2651
6.873882691415999	7.26647
6.950329950263999	7.26783
7.026777209112	7.2692
7.10322446796	7.27063
7.1796717268079995	7.27203
7.256118985655999	7.27347
7.332566244503999	7.27493
7.409013503351999	7.2764
7.484929878457999	7.27787
7.561377137305999	7.27937
7.637824396154	7.28087
7.714271655002	7.2824
7.790718913849999	7.28397
7.867166172697999	7.28553
7.943613431545999	7.2871
8.020060690393999	7.28867
8.0959770655	7.29027
8.172424324348	7.29193
8.248871583196	7.2936
8.325318842044	7.29523
8.401766100891999	7.2969
8.47821335974	7.2986
8.554660618587999	7.3003
8.631107877436	7.302
8.707024252541999	7.30377
8.78347151139	7.30553
8.859918770238	7.3073
8.936366029085999	7.3091
9.012813287934	7.3109
9.089260546781999	7.31273
9.16570780563	7.31457
9.242155064477998	7.31643
9.318071439584	7.3183
9.394518698432	7.3202
9.470965957279999	7.3221
9.547413216128	7.32407
9.623860474975999	7.32597
9.700307733824	7.32793
9.776754992671998	7.32993
9.852671367778	7.3319
9.929118626626	7.3339
10.005565885473999	7.336
10.082013144322	7.338
10.158460403169999	7.34007
10.234907662018	7.34217
10.311354920865998	7.34427
10.387802179714	7.34637
10.46371855482	7.3485
10.540165813668	7.35067
10.616613072516	7.35283
10.693060331364	7.35503
10.769507590212	7.35723
10.84595484906	7.35943
10.922402107907999	7.36173
10.998849366756	7.36393
11.074765741862	7.36623
11.151213000709998	7.36853
11.227660259558	7.37083
11.304107518406001	7.37313
11.380554777254	7.37553
11.457002036102	7.3779
11.533449294949998	7.38027
11.609896553798	7.38267
11.685812928904	7.38513
11.762260187751998	7.38757
11.838707446599999	7.39
11.915154705448	7.39247
11.991601964295999	7.39497
12.068049223144	7.3975
12.144496481991998	7.40003
12.22094374084	7.4026
12.296860115946	7.4052
12.373307374794	7.40773
12.449754633642	7.41033
12.52620189249	7.41303
12.602649151338	7.41567
12.679096410186	7.41833
12.755543669034	7.421
12.831990927882	7.4237
12.907907302987999	7.42643
12.984354561836	7.42923
13.060801820683999	7.43197
13.137249079532	7.43477
13.213696338379998	7.43757
13.290143597227999	7.4404
13.366590856075998	7.44323
13.442507231181999	7.44607
13.51895449003	7.44897
13.595401748878	7.45187
13.671849007726	7.4548
13.748296266574	7.45773
13.824743525421999	7.4607
13.90119078427	7.46367
13.977638043117999	7.4667
14.053554418224	7.4697
14.130001677071999	7.47273
14.20644893592	7.47587
14.282896194767998	7.4789
14.359343453615999	7.48203
14.435790712463998	7.48513
14.512237971311999	7.4883
14.588685230160001	7.4915
14.664601605266	7.49463
14.741048864114	7.49787
14.817496122962	7.5011
14.893943381809999	7.50433
14.970390640658	7.50763
15.046837899505999	7.51097
15.123285158354	7.51423
15.199732417202	7.5176
15.275648792308	7.52097
15.352096051155998	7.52433
15.428543310004	7.52777
15.504990568851998	7.5312
15.581437827699999	7.53463
15.657885086547997	7.5381
15.734332345395998	7.5416
15.810779604244	7.54513
15.88669597935	7.54867
15.963143238197999	7.5522
16.039590497046	7.55583
16.116037755894	7.5594
16.192485014742	7.56303
16.268932273589996	7.5667
16.345379532438	7.5704
16.421295907544	7.5741
16.497743166392	7.5778
16.574190425239998	7.58153
16.650637684088	7.58537
16.727084942936	7.5891
16.803532201783998	7.59297
16.879979460632	7.5968
16.95642671948	7.60063
17.032343094586	7.60457
17.108790353434	7.60843
17.185237612282	7.61237
17.26168487113	7.61633
17.338132129977996	7.62037
17.414579388826	7.62437
17.491026647674	7.62837
17.567473906522	7.6325
17.643390281627997	7.63653
17.719837540476	7.6407
17.796284799324	7.6448
17.872732058171998	7.64897
17.949179317019997	7.65313
18.025626575868	7.65737
18.102073834716	7.66163
18.178521093563997	7.66587
18.254437468669998	7.67013
18.330884727518	7.67447
18.407331986366	7.67883
18.483779245214	7.6832
18.560226504062	7.6876
18.63667376291	7.692
18.713121021758	7.69643
18.789568280605998	7.70093
18.865484655712	7.70543
18.941931914559998	7.70997
19.018379173407997	7.71453
19.094826432256	7.7191
19.171273691104	7.72373
19.247720949951997	7.7284
19.3241682088	7.73303
19.400084583906	7.73773
19.476531842754	7.74247
19.552979101602	7.7472
19.629426360449997	7.75203
19.705873619298	7.7568
19.782320878146	7.76167
19.858768136993998	7.76653
19.935215395842	7.77147
20.011131770947998	7.7764
20.087579029795997	7.78137
20.164026288644	7.7863
20.240473547492	7.79137
20.316920806339997	7.7964
20.393368065188	7.80147
20.469815324036	7.8066
20.546262582883998	7.8117
20.62217895799	7.8169
20.698626216837997	7.82207
20.775073475686	7.82733
20.851520734534	7.83257
20.927967993381998	7.8379
21.00441525223	7.84323
21.080862511078	7.8486
21.157309769925998	7.85397
21.233226145032	7.8594
21.30967340388	7.86487
21.386120662728	7.87033
21.462567921575996	7.87587
21.539015180424	7.8814
21.615462439272	7.88703
21.69190969812	7.89267
21.768356956967995	7.89833
21.844273332074	7.904
21.920720590922	7.90973
21.99716784977	7.91547
22.073615108617997	7.9213
22.150062367466	7.92713
22.226509626313998	7.933
22.302956885162	7.93893
22.379404144009996	7.94487
22.455320519116	7.9508
22.531767777964	7.95683
22.608215036812002	7.9629
22.684662295659997	7.969
22.761109554508	7.97507
22.837556813356	7.98127
22.914004072204	7.98743
22.98992044731	7.99367
23.066367706157997	7.99997
23.142814965006	8.0063
23.219262223854	8.01263
23.295709482701998	8.01907
23.372156741549997	8.0255
23.448604000398	8.03193
23.525051259246	8.03843
23.600967634352	8.04497
23.677414893199998	8.0516
23.753862152048	8.0582
23.830309410896	8.0649
23.906756669743995	8.07163
23.983203928591998	8.07837
24.05965118744	8.08517
24.136098446288	8.09197
24.212014821393996	8.09887
24.288462080242	8.1058
24.364909339089998	8.1128
24.441356597938	8.1198
24.517803856785996	8.12687
24.594251115634	8.134
24.670698374481997	8.1411
24.74714563333	8.1483
24.823062008435997	8.15557
24.899509267284	8.16283
24.975956526132	8.17017
25.05240378498	8.17753
25.128851043827996	8.18493
25.205298302676	8.1924
25.281745561523998	8.19997
25.358192820372	8.20753
25.434109195477998	8.21513
25.510556454325997	8.2228
25.587003713174	8.23057
25.663450972022	8.23833
25.739898230869997	8.2461
25.816345489717996	8.25397
25.892792748566	8.2619
25.968709123672	8.26987
26.04515638252	8.2779
26.121603641367997	8.286
26.198050900216	8.2941
26.274498159064	8.3023
26.350945417911998	8.31053
26.427392676759997	8.31887
26.503839935608	8.3272
26.579756310714	8.3356
26.656203569561995	8.34403
26.732650828409998	8.35253
26.809098087258	8.36113
26.885545346106	8.3698
26.961992604954002	8.37847
27.038439863801997	8.38723
27.114887122649996	8.39603
27.190803497756	8.4049
27.267250756603996	8.41387
27.343698015452	8.42283
27.420145274299998	8.4319
27.496592533148	8.44107
27.573039791996	8.45023
27.649487050843998	8.45947
27.725934309691997	8.4688
27.801850684798	8.47817
27.878297943645997	8.4876
27.954745202493996	8.4971
28.031192461342	8.5067
28.10763972019	8.51633
28.184086979038	8.52607
28.260534237885995	8.53583
28.336981496733998	8.54573
28.41289787184	8.55567
28.489345130687997	8.56567
28.565792389535996	8.57573
28.642239648384	8.5859
28.718686907231998	8.59613
28.79513416608	8.6064
28.871581424927996	8.6168
28.948028683776	8.62723
29.023945058882	8.63773
29.100392317729995	8.64837
29.176839576577997	8.65903
29.253286835426	8.66983
29.329734094274	8.6807
29.406181353122	8.69163
29.482628611969997	8.70267
29.558544987075997	8.71377
29.634992245924	8.72497
29.711439504771995	8.7362
29.787886763619998	8.7476
29.864334022467997	8.75903
29.940781281316	8.7706
30.017228540164	8.78223
30.093675799011997	8.794
30.169592174117998	8.8058
30.246039432966	8.81773
30.322486691814	8.82973
30.398933950662	8.84183
30.475381209509997	8.85407
30.551828468358	8.86637
30.628275727206	8.8788
30.704722986053998	8.8913
30.78063936116	8.90393
30.857086620008	8.91667
30.933533878856	8.92947
31.009981137703996	8.94243
31.086428396551998	8.9555
31.162875655399997	8.96863
31.239322914248	8.98193
31.315770173095995	8.99533
31.391686548202	9.00883
31.46813380705	9.02247
31.544581065898	9.0362
31.621028324745996	9.05007
31.697475583594	9.06407
31.773922842441998	9.0782
31.85037010129	9.09243
31.926817360137996	9.1068
32.002733735244	9.1213
32.079180994092	9.13597
32.15562825294	9.15073
32.232075511788	9.16567
32.308522770635996	9.1807
32.384970029484	9.1959
32.461417288332	9.21123
32.537333663438	9.22673
32.613780922286	9.24237
32.690228181133996	9.25817
32.766675439982	9.27413
32.843122698829994	9.29023
32.919569957678	9.30647
32.996017216526	9.3229
33.072464475374	9.33947
33.148380850479995	9.35627
33.224828109328	9.37317
33.301275368176	9.39027
33.377722627024	9.40753
33.454169885872	9.425
33.53061714472	9.44263
33.607064403567996	9.46047
33.683511662416	9.4785
33.759428037522	9.4967
33.83587529637	9.5151
33.912322555218	9.53373
33.988769814065996	9.55253
34.065217072913995	9.57157
34.141664331761994	9.59083
34.21811159061	9.61027
34.294558849458	9.62993
34.370475224564	9.64987
34.446922483411996	9.67
34.52336974226	9.69033
34.599817001108	9.71097
34.67626425995599	9.73183
34.752711518804	9.75293
34.829158777652	9.7743
34.9056060365	9.79593
34.981522411605994	9.8178
35.057969670454	9.84
35.134416929302	9.86243
35.21086418815	9.88517
35.287311446998	9.9082
35.363758705845996	9.93153
35.440205964693995	9.95517
35.5161223398	9.9791
35.592569598648	10.0034
35.669016857496	10.028
35.745464116343996	10.0529
35.821911375192	10.0781
35.898358634039994	10.1038
35.974805892888	10.1297
36.051253151736	10.1561
36.127169526842	10.1828
36.203616785689995	10.21
36.280064044537994	10.2375
36.356511303386	10.2654
36.432958562234	10.2938
36.509405821082	10.3226
36.58585307993	10.3518
36.662300338777996	10.3815
36.738216713884	10.4116
36.814663972732	10.4423
36.89111123158	10.4734
36.967558490428	10.5051
37.044005749275996	10.5372
37.120453008124	10.5699
37.196900266971994	10.6032
37.27334752582	10.637
37.349263900926	10.6715
37.425711159773996	10.7066
37.502158418621995	10.7422
37.57860567747	10.7785
37.655052936318	10.8155
37.731500195166	10.8532
37.807947454014	10.8917
37.884394712862	10.9308
37.960311087968	10.9707
38.03675834681599	11.0114
38.113205605664	11.053
38.189652864512	11.0953
38.26610012336	11.1386
38.342547382208	11.1828
38.418994641055995	11.2279
38.495441899903994	11.274
38.57135827501	11.3211
38.647805533858	11.3693
38.724252792706	11.4186
38.800700051553996	11.469
38.877147310402	11.5206
38.95359456925	11.5735
39.03004182809799	11.6277
39.105958203204	11.6832
39.182405462051996	11.7401
39.258852720899995	11.7985
39.335299979747994	11.8585
39.411747238596	11.92
39.488194497444	11.9832
39.564641756292	12.0482
39.64108901514	12.1151
39.717005390246	12.1839
39.793452649094	12.2547
39.869899907942	12.3277
39.94634716679	12.4029
40.022794425638	12.4805
40.099241684485996	12.5606
40.175688943334	12.6434
40.252136202181994	12.7289
40.328052577288	12.8174
40.404499836136	12.909
40.480947094984	13.004
40.557394353831995	13.1025
40.633841612679994	13.2047
40.710288871528	13.3109
40.786736130376	13.4212
40.863183389224	13.5362
40.939099764329995	13.656
41.015547023178	13.781
41.091994282026	13.9115
41.168441540874	14.0481
41.244888799722	14.191
41.32133605857	14.3409
41.397783317417996	14.4983
41.474230576265995	14.6638
41.550146951372	14.8382
41.62659421022	15.0221
41.703041469068	15.2166
41.779488727916	15.4225
41.855935986763996	15.6409
41.932383245611994	15.8732
42.00883050446	16.1207
42.084746879566	16.3852
42.161194138414	16.6684
42.237641397261996	16.9726
42.31408865611	17.3003
42.390535914957994	17.6545
42.466983173806	18.0386
42.543430432654	18.4567
42.619877691502	18.9138
42.695794066608	19.4156
42.772241325456	19.9692
42.84868858430399	20.5833
42.92513584315199	21.2685
43.001583102	22.0379
43.078030360848	22.9083
43.154477619695996	23.9009
43.230924878544	25.0429
43.30684125365	26.3702
43.383288512498005	27.9302
43.45973577134599	29.7868
43.536183030193996	32.0265
43.612630289041995	34.7674
43.689077547889994	38.1659
43.765524806738	42.4101
43.841972065586	47.6354
43.917888440692	53.4982
43.99433569954	57.3528
44.070782958387994	48.6397
44.14723021723599	11.5615
44.22367747608399	-27.1636
44.300124734932	-37.3973
44.37657199378	-33.9163
44.453019252627996	-28.0564
44.528935627734	-22.7643
44.605382886582	-18.4533
44.68183014542999	-14.9998
44.758277404278	-12.2153
44.834724663125996	-9.94027
44.911171921973995	-8.0546
44.987619180821994	-6.46973
45.06406643967	-5.1206
45.139982814776	-3.9587
45.216430073624004	-2.94767
45.292877332471996	-2.0596
45.369324591319995	-1.273
45.44577185016799	-0.570967
45.522219109016	0.06
45.598666367864	0.630667
45.67458274297	1.14977
45.751030001818	1.6245
45.827477260666	2.06083
45.90392451951399	2.4637
45.98037177836199	2.83723
46.05681903721	3.185
46.133266296058	3.51
46.209713554905996	3.8148
46.285629930012	4.10163
46.36207718886	4.37247
46.438524447708	4.6289
46.51497170655599	4.87247
46.591418965403996	5.10447
46.667866224251995	5.32603
46.744313483099994	5.53827
46.820760741948	5.742
46.896677117054	5.93807
46.973124375902	6.12727
47.04957163475	6.31017
47.126018893597994	6.4875
47.20246615244599	6.65977
47.27891341129399	6.8275
47.355360670142	6.99113
47.43180792899	7.1512
47.507724304096	7.30803
47.584171562944	7.462
47.660618821792	7.61353
47.737066080640005	7.763
47.81351333948799	7.91067
47.889960598335996	8.05683
47.966407857183995	8.20187
48.042855116031994	8.34603
48.118771491138	8.48967
48.195218749986	8.633
48.271666008834	8.77637
48.348113267682	8.92
48.424560526529994	9.0643
48.50100778537799	9.20943
48.57745504422599	9.3558
48.653371419332	9.5037
48.729818678179996	9.65343
48.806265937028	9.80537
48.882713195876	9.95987
48.959160454724	10.1173
49.03560771357199	10.278
49.11205497242	10.4426
49.188502231268	10.6114
49.264418606374	10.7849
49.340865865222	10.9638
49.41731312407	11.1486
49.493760382918	11.3401
49.570207641766004	11.5388
49.646654900613996	11.7458
49.723102159461995	11.9619
49.799549418309994	12.1881
49.875465793416	12.4256
49.951913052264	12.6758
50.028360311111996	12.9402
50.10480756996	13.2205
50.181254828808	13.5188
50.25770208765599	13.8374
50.33414934650399	14.1789
50.410596605352	14.5467
50.486512980457995	14.9446
50.562960239306	15.377
50.639407498154	15.8494
50.715854757002	16.3684
50.79230201585	16.9421
50.86874927469799	17.5806
50.945196533545996	18.2962
51.021643792393995	19.1048
51.0975601675	20.0266
51.174007426348	21.088
51.250454685196	22.3234
51.326901944044	23.7791
51.403349202892	25.5173
51.479796461739994	27.6229
51.55624372058799	30.2108
51.632160095694	33.4291
51.708607354541996	37.4355
51.785054613389995	42.2452
51.861501872238	47.0241
51.937949131086	47.3245
52.014396389934	29.8682
52.09084364878199	-8.00187
52.16729090762999	-30.1426
52.243207282735995	-31.7559
52.31965454158399	-27.2634
52.396101800432	-22.3518
52.47254905928	-18.1962
52.548996318128	-14.8511
52.625443576976004	-12.1658
52.701890835823995	-9.9873
52.778338094671994	-8.1948
52.854254469778	-6.6986
52.930701728626	-5.43287
53.007148987474	-4.349
53.083596246321996	-3.41063
53.16004350517	-2.5902
53.236490764018	-1.86657
53.31293802286599	-1.22317
53.38938528171399	-0.647067
53.465301656819996	-0.127867
53.541748915667995	0.342733
53.618196174516	0.771667
53.694643433364	1.1646
53.771090692212	1.52603
53.84753795106	1.85997
53.923985209908004	2.16963
54.000432468755996	2.45783
54.07634884386199	2.72697
54.15279610271	2.97913
54.229243361558	3.21597
54.305690620406	3.43907
54.382137879253996	3.64977
54.458585138102	3.84923
54.53503239695	4.0385
54.61147965579799	4.21843
54.687396030904	4.3899
54.763843289751996	4.55357
54.840290548599995	4.71013
54.916737807448	4.86013
54.993185066296	5.00403
55.069632325144	5.14237
55.146079583992	5.27557
55.221995959097995	5.4039
55.298443217945994	5.52783
55.37489047679399	5.6476
55.451337735642	5.76347
55.52778499449	5.87583
55.604232253338	5.9848
55.680679512186	6.09067
55.757126771034	6.19357
55.83304314613999	6.2937
55.90949040498799	6.3913
55.985937663836	6.4865
56.062384922684	6.5794
56.138832181531996	6.67013
56.21527944038	6.75893
56.291726699228	6.8458
56.368173958076	6.93087
56.444090333182	7.01427
56.520537592029996	7.09613
56.596984850877995	7.17647
56.673432109725994	7.2554
56.749879368574	7.333
56.826326627422	7.40937
56.90277388627	7.48453
56.979221145118004	7.5586
57.055137520223994	7.63157
57.13158477907199	7.7036
57.20803203792	7.77467
57.284479296768	7.8448
57.360926555616	7.91413
57.437373814463996	7.9827
57.513821073312	8.0505
57.59026833216	8.11757
57.66618470726599	8.18397
57.742631966114	8.24977
57.819079224961996	8.31497
57.895526483809995	8.37963
57.971973742658	8.44377
58.048421001506	8.50743
58.124868260354	8.57063
58.20078463545999	8.6334
58.277231894307995	8.69577
58.353679153155994	8.75777
58.43012641200399	8.81943
58.506573670852	8.88077
58.5830209297	8.94183
58.659468188548	9.00263
58.735915447395996	9.06313
58.81183182250199	9.12343
58.88827908134999	9.18353
58.96472634019799	9.2435
59.041173599046	9.30327
59.117620857893996	9.3629
59.194068116741995	9.4224
59.27051537559	9.48183
59.346962634438	9.54113
59.42287900954399	9.6004
59.499326268392	9.6596
59.575773527239996	9.7188
59.652220786087994	9.778
59.72866804493599	9.83717
59.805115303784	9.89633
59.881562562632	9.95557
59.95800982148	10.0149
60.033926196585995	10.0742
60.110373455433994	10.1337
60.18682071428199	10.1932
60.26326797312999	10.2528
60.339715231978	10.3126
60.416162490826	10.3725
60.492609749673996	10.4326
60.569057008522	10.4928
60.644973383628	10.5533
60.72142064247599	10.6139
60.797867901324	10.6747
60.874315160171996	10.7358
60.950762419019995	10.7972
61.027209677867994	10.8588
61.103656936716	10.9206
61.180104195564	10.9828
61.25602057067	11.0453
61.332467829517995	11.108
61.408915088365994	11.1712
61.48536234721399	11.2346
61.561809606062	11.2985
61.63825686491	11.3627
61.714704123758	11.4272
61.790620498864	11.4923
61.867067757712	11.5577
61.94351501655999	11.6236
62.01996227540799	11.6899
62.096409534256	11.7567
62.172856793103996	11.824
62.249304051951995	11.8918
62.325751310799994	11.9601
62.401667685906	12.029
62.478114944754	12.0984
62.55456220360199	12.1684
62.631009462449995	12.239
62.707456721297994	12.3102
62.78390398014599	12.382
62.860351238994	12.4545
62.936798497842	12.5276
63.012714872948	12.6015
63.089162131796	12.676
63.16560939064399	12.7513
63.24205664949199	12.8273
63.31850390833999	12.9041
63.394951167188	12.9817
63.471398426036	13.0601
63.547845684883995	13.1394
63.62376205999	13.2195
63.700209318838	13.3005
63.77665657768599	13.3824
63.85310383653399	13.4653
63.929551095381996	13.5491
64.00599835423	13.6339
64.082445613078	13.7198
64.158892871926	13.8067
64.234809247032	13.8947
64.31125650588	13.9838
64.38770376472799	14.074
64.464151023576	14.1654
64.540598282424	14.2581
64.61704554127199	14.3519
64.69349280012	14.4471
64.769409175226	14.5436
64.845856434074	14.6414
64.922303692922	14.7407
64.99875095176999	14.8413
65.075198210618	14.9435
65.15164546946599	15.0472
65.228092728314	15.1525
65.304539987162	15.2593
65.38045636226799	15.3679
65.456903621116	15.4781
65.533350879964	15.5902
65.609798138812	15.704
65.68624539765999	15.8198
65.762692656508	15.9374
65.839139915356	16.0572
65.91558717420399	16.1789
65.99150354931	16.3028
66.067950808158	16.4289
66.144398067006	16.5572
66.22084532585399	16.6879
66.29729258470199	16.821
66.37373984355	16.9567
66.45018710239799	17.0949
66.526634361246	17.2358
66.602550736352	17.3795
66.67899799519999	17.5261
66.755445254048	17.6756
66.831892512896	17.8282
66.908339771744	17.984
66.98478703059199	18.1431
67.06123428944	18.3056
67.137681548288	18.4717
67.21359792339399	18.6414
67.290045182242	18.815
67.36649244109	18.9926
67.442939699938	19.1743
67.51938695878599	19.3603
67.59583421763399	19.5508
67.672281476482	19.746
67.748197851588	19.946
67.824645110436	20.151
67.901092369284	20.3613
67.97753962813199	20.577
68.05398688698	20.7986
68.13043414582799	21.0261
68.206881404676	21.2598
68.28332866352399	21.5001
68.35924503863	21.7473
68.435692297478	22.0016
68.512139556326	22.2634
68.588586815174	22.5331
68.665034074022	22.8111
68.74148133287	23.0978
68.81792859171799	23.3936
68.89437585056599	23.6991
68.970292225672	24.0146
69.04673948452	24.3409
69.123186743368	24.6784
69.199634002216	25.0278
69.27608126106401	25.3898
69.35252851991198	25.7652
69.42897577875999	26.1547
69.505423037608	26.5592
69.581339412714	26.9797
69.657786671562	27.4171
69.73423393041	27.8726
69.810681189258	28.3474
69.887128448106	28.8429
69.96357570695399	29.3604
70.040022965802	29.9016
70.11647022464999	30.4682
70.19238659975599	31.0623
70.268833858604	31.6858
70.345281117452	32.3413
70.4217283763	33.0313
70.498175635148	33.7587
70.574622893996	34.527
70.651070152844	35.3398
70.72751741169199	36.2013
70.803433786798	37.1162
70.879881045646	38.0899
70.956328304494	39.1284
71.032775563342	40.2389
71.10922282219	41.4294
71.185670081038	42.7093
71.26211733988599	44.0894
71.338033714992	45.5825
71.41448097384	47.2037
71.49092823268799	48.9707
71.567375491536	50.9051
71.643822750384	53.0324
71.720270009232	55.3841
71.79671726807999	57.9986
71.873164526928	60.9239
71.949080902034	64.2198
72.02552816088199	67.9627
72.10197541973	72.2509
72.178422678578	77.2126
72.254869937426	83.018
72.331317196274	89.8953
72.40776445512199	98.154
72.48421171397	108.215
72.56012808907599	120.637
72.636575347924	136.094
72.713022606772	155.084
72.78946986561999	176.449
72.865917124468	191.024
72.942364383316	161.844
73.018811642164	31.5512
73.09525890101199	-108.0
73.17117527611799	-145.643
73.247622534966	-132.96
73.32406979381399	-111.297
73.400517052662	-91.513
73.47696431151	-75.1542
73.553411570358	-61.779
73.629858829206	-50.6965
73.70630608805399	-41.3153
73.78222246316	-33.1793
73.85866972200799	-25.9412
73.935116980856	-19.3299
74.011564239704	-13.1244
74.08801149855199	-7.13327
74.1644587574	-1.17703
74.240906016248	4.9271
74.316822391354	11.3817
74.393269650202	18.4278
74.46971690904999	26.3661
74.546164167898	35.5746
74.62261142674599	46.4878
74.699058685594	59.385
74.775505944442	73.336
74.85195320329	81.7492
74.927869578396	59.5408
75.00431683724399	-24.3902
75.080764096092	-102.481
75.15721135494	-119.447
75.233658613788	-110.065
75.310105872636	-96.6378
75.38655313148399	-84.6844
75.463000390332	-74.897
75.53891676543799	-66.9711
75.615364024286	-60.4968
75.691811283134	-55.1339
75.768258541982	-50.6262
75.84470580083	-46.7848
75.92115305967799	-43.4704
75.997600318526	-40.5788
76.074047577374	-38.0313
76.14996395248	-35.7674
76.226411211328	-33.74
76.30285847017599	-31.912
76.379305729024	-30.2536
76.455752987872	-28.7409
76.53220024672	-27.3542
76.608647505568	-26.0774
76.685094764416	-24.8969
76.761011139522	-23.8017
76.83745839836999	-22.7819
76.913905657218	-21.8296
76.990352916066	-20.9376
77.066800174914	-20.1001
77.143247433762	-19.3118
77.21969469261	-18.568
77.296141951458	-17.8649
77.37205832656399	-17.1989
77.448505585412	-16.5668
77.52495284426	-15.966
77.60140010310799	-15.394
77.677847361956	-14.8485
77.754294620804	-14.3276
77.830741879652	-13.8295
77.90665825475799	-13.3526
77.98310551360599	-12.8954
78.059552772454	-12.4567
78.13600003130199	-12.0352
78.21244729015	-11.6298
78.288894548998	-11.2395
78.365341807846	-10.8634
78.441789066694	-10.5006
78.51770544179999	-10.1504
78.594152700648	-9.8121
78.67059995949599	-9.48493
78.747047218344	-9.16837
78.823494477192	-8.8618
78.89994173603999	-8.5647
78.976388994888	-8.2766
79.052836253736	-7.99703
79.128752628842	-7.72557
79.20519988768999	-7.46177
79.28164714653799	-7.20533
79.358094405386	-6.9559
79.43454166423399	-6.71307
79.510988923082	-6.47663
79.58743618193	-6.24623
79.663883440778	-6.02167
79.739799815884	-5.8026
79.81624707473199	-5.5888
79.89269433358	-5.38013
79.96914159242799	-5.17627
80.045588851276	-4.97707
80.122036110124	-4.78233
80.19848336897199	-4.5919
80.27493062782	-4.40553
80.350847002926	-4.22317
80.427294261774	-4.04457
80.50374152062199	-3.8696
80.58018877946999	-3.69813
80.656636038318	-3.53003
80.73308329716599	-3.3652
80.809530556014	-3.20347
80.88544693112	-3.0448
80.961894189968	-2.889
81.03834144881598	-2.736
81.11478870766399	-2.5857
81.191235966512	-2.438
81.26768322535999	-2.2928
81.344130484208	-2.15003
81.420577743056	-2.0096
81.496494118162	-1.87143
81.57294137701	-1.73543
81.64938863585799	-1.6016
81.725835894706	-1.46973
81.80228315355399	-1.3399
81.87873041240199	-1.21197
81.95517767125	-1.08583
82.03162493009799	-0.9615
82.107541305204	-0.838933
82.183988564052	-0.718033
82.26043582289999	-0.5987
82.336883081748	-0.480967
82.41333034059599	-0.364767
82.489777599444	-0.25
82.56622485829199	-0.1367
82.64267211714	-0.0247333
82.718588492246	0.0858667
82.795035751094	0.1952
82.871483009942	0.303233
82.94793026878999	0.410133
83.024377527638	0.5158
83.100824786486	0.6203
83.17727204533399	0.723733
83.253719304182	0.8261
83.329635679288	0.9274
83.406082938136	1.0277
83.48253019698399	1.12703
83.558977455832	1.22543
83.63542471468	1.3229
83.71187197352799	1.41947
83.788319232376	1.51523
83.864235607482	1.6101
83.94068286633	1.70417
84.017130125178	1.79743
84.09357738402599	1.89
84.170024642874	1.9818
84.24647190172199	2.0729
84.32291916057	2.16327
84.399366419418	2.253
84.47528279452399	2.3421
84.551730053372	2.43057
84.62817731222	2.5184
84.704624571068	2.60567
84.78107182991599	2.6924
84.857519088764	2.77857
84.933966347612	2.8642
85.01041360646	2.94933
85.086329981566	3.03397
85.16277724041399	3.11813
85.239224499262	3.20183
85.31567175810999	3.28507
85.392119016958	3.3679
85.468566275806	3.45033
85.545013534654	3.53237
85.621460793502	3.614
85.69737716860799	3.6953
85.77382442745599	3.77623
85.85027168630398	3.85683
85.926718945152	3.93717
86.003166204	4.01713
86.079613462848	4.0968
86.156060721696	4.17623
86.232507980544	4.25537
86.30842435564999	4.33423
86.38487161449798	4.41293
86.461318873346	4.4913
86.537766132194	4.56957
86.614213391042	4.64753
86.69066064988999	4.72537
86.767107908738	4.803
86.84355516758599	4.88047
86.91947154269198	4.9578
86.99591880154	5.03493
87.07236606038799	5.11197
87.148813319236	5.18893
87.22526057808399	5.2657
87.301707836932	5.34237
87.37815509577999	5.419
87.45407147088599	5.49557
87.530518729734	5.57203
87.60696598858199	5.64843
87.68341324743	5.72483
87.75986050627799	5.8011
87.836307765126	5.87743
87.91275502397399	5.9537
87.989202282822	6.03
88.065118657928	6.10627
88.14156591677599	6.18257
88.218013175624	6.2589
88.29446043447199	6.3353
88.37090769331999	6.41163
88.44735495216798	6.4881
88.523802211016	6.56463
88.600249469864	6.64127
88.67616584496999	6.71793
88.75261310381799	6.7947
88.82906036266598	6.87157
88.905507621514	6.94857
88.981954880362	7.0257
89.05840213921	7.1029
89.134849398058	7.18027
89.211296656906	7.2578
89.28721303201199	7.33553
89.36366029085998	7.41343
89.440107549708	7.49143
89.516554808556	7.56967
89.593002067404	7.64813
89.66944932625199	7.7268
89.7458965851	7.80567
89.82234384394799	7.88477
89.89826021905401	7.9641
89.974707477902	8.0437
90.05115473675	8.12357
90.127601995598	8.20367
90.20404925444599	8.2841
90.280496513294	8.3648
90.35694377214199	8.4458
90.43286014724801	8.5271
90.509307406096	8.60873
90.58575466494399	8.6907
90.662201923792	8.77303
90.73864918263999	8.8557
90.815096441488	8.9387
90.89154370033599	9.02213
90.96799095918401	9.10593
91.04390733429	9.19013
91.120354593138	9.27473
91.196801851986	9.35977
91.27324911083399	9.44523
91.349696369682	9.53113
91.42614362852999	9.6175
91.502590887378	9.70437
91.579038146226	9.79167
91.654954521332	9.8795
91.73140178018	9.9678
91.80784903902799	10.0566
91.88429629787599	10.146
91.96074355672398	10.2359
92.037190815572	10.3264
92.11363807442	10.4174
92.190085333268	10.5091
92.26600170837399	10.6013
92.342448967222	10.6941
92.41889622606999	10.7876
92.49534348491798	10.8817
92.571790743766	10.9764
92.648238002614	11.0719
92.724685261462	11.168
92.80113252030999	11.2648
92.877048895416	11.3624
92.95349615426399	11.4607
93.02994341311198	11.5597
93.10639067196	11.6595
93.18283793080799	11.76
93.259285189656	11.8614
93.33573244850399	11.9636
93.412179707352	12.0666
93.48809608245799	12.1706
93.564543341306	12.2753
93.640990600154	12.3809
93.71743785900199	12.4875
93.79388511785	12.595
93.87033237669799	12.7034
93.946779635546	12.8129
94.022696010652	12.9233
94.0991432695	13.0347
94.175590528348	13.1472
94.25203778719599	13.2607
94.328485046044	13.3753
94.40493230489199	13.491
94.48137956373999	13.6079
94.55782682258798	13.7259
94.633743197694	13.845
94.710190456542	13.9654
94.78663771539	14.087
94.86308497423799	14.2099
94.93953223308598	14.3341
95.01597949193399	14.4595
95.09242675078198	14.5863
95.16887400963	14.7145
95.24479038473599	14.8441
95.321237643584	14.9751
95.39768490243199	15.1077
95.47413216128001	15.2416
95.550579420128	15.3772
95.62702667897598	15.5143
95.703473937824	15.653
95.77992119667199	15.7933
95.855837571778	15.9353
95.93228483062599	16.079
96.00873208947401	16.2245
96.085179348322	16.3718
96.16162660716999	16.5209
96.238073866018	16.6719
96.31452112486599	16.8249
96.390968383714	16.9797
96.46688475881999	17.1366
96.543332017668	17.2956
96.619779276516	17.4567
96.696226535364	17.6199
96.772673794212	17.7854
96.84912105305999	17.9531
96.925568311908	18.1232
97.00148468701398	18.2956
97.077931945862	18.4705
97.15437920471	18.6478
97.230826463558	18.8278
97.307273722406	19.0104
97.38372098125399	19.1956
97.46016824010199	19.3837
97.53661549894998	19.5746
97.612531874056	19.7683
97.688979132904	19.9651
97.765426391752	20.1649
97.8418736506	20.3679
97.918320909448	20.5741
97.99476816829599	20.7836
98.07121542714398	20.9965
98.147662685992	21.213
98.223579061098	21.433
98.300026319946	21.6567
98.37647357879399	21.8842
98.452920837642	22.1156
98.52936809648999	22.351
98.60581535533798	22.5906
98.682262614186	22.8344
98.758709873034	23.0826
98.83462624814	23.3353
98.91107350698799	23.5927
98.987520765836	23.8547
99.06396802468399	24.1218
99.14041528353201	24.3939
99.21686254238	24.6712
99.29330980122799	24.9539
99.369757060076	25.2421
99.44567343518199	25.5362
99.52212069403	25.8361
99.59856795287799	26.1421
99.675015211726	26.4544
99.751462470574	26.7733
99.82790972942199	27.0989
99.90435698827	27.4315
99.98027336337599	27.7712
100.05672062222399	28.1184
100.13316788107198	28.4733
100.20961513992	28.8362
100.286062398768	29.2074
100.362509657616	29.5871
100.438956916464	29.9757
100.51540417531199	30.3735
100.591320550418	30.7808
100.667767809266	31.198
100.744215068114	31.6255
100.820662326962	32.0638
100.89710958581	32.513
100.97355684465799	32.9739
101.050004103506	33.4468
101.12645136235399	33.9322
101.20236773746	34.4305
101.278814996308	34.9425
101.35526225515599	35.4686
101.431709514004	36.0095
101.50815677285199	36.5657
101.5846040317	37.138
101.66105129054799	37.7272
101.73749854939598	38.3338
101.813414924502	38.959
101.88986218334999	39.6033
101.966309442198	40.2679
102.04275670104599	40.9535
102.119203959894	41.6615
102.19565121874199	42.3927
102.27209847759	43.1484
102.348545736438	43.93
102.42446211154399	44.7388
102.500909370392	45.5761
102.57735662923999	46.4437
102.653803888088	47.3431
102.730251146936	48.2762
102.806698405784	49.2451
102.883145664632	50.2517
102.95959292347999	51.2983
103.03550929858599	52.3874
103.11195655743398	53.5218
103.188403816282	54.7042
103.26485107513	55.9379
103.341298333978	57.2263
103.417745592826	58.5732
103.494192851674	59.9826
103.57010922677999	61.459
103.64655648562798	63.0075
103.723003744476	64.6334
103.799451003324	66.3428
103.875898262172	68.1422
103.95234552101999	70.039
104.028792779868	72.0414
104.10524003871599	74.1586
104.18115641382198	76.4007
104.25760367267	78.7791
104.334050931518	81.3068
104.410498190366	83.9982
104.48694544921399	86.87
104.563392708062	89.9407
104.63983996690999	93.2321
104.71628722575801	96.7686
104.792203600864	100.579
104.86865085971199	104.695
104.94509811856	109.157
105.02154537740799	114.01
105.097992636256	119.306
105.17443989510399	125.109
105.25088715395201	131.495
105.3273344128	138.557
105.40325078790599	146.405
105.479698046754	155.178
105.55614530560199	165.047
105.63259256445	176.226
105.70903982329799	188.989
105.785487082146	203.688
105.861934340994	220.784
105.938381599842	240.885
106.014297974948	264.81
106.09074523379599	293.669
106.16719249264399	328.973
106.24363975149198	372.738
106.32008701034	427.434
106.396534269188	495.069
106.472981528036	572.425
106.54889790314199	630.321
106.62534516198998	545.315
106.70179242083799	93.8055
106.77823967968598	-450.975
106.854686938534	-623.012
106.931134197382	-586.722
107.00758145623	-509.651
107.08402871507799	-438.287
107.15994509018398	-379.873
107.236392349032	-333.082
107.31283960787998	-295.408
107.389286866728	-264.678
107.46573412557599	-239.242
107.542181384424	-217.882
107.61862864327199	-199.703
107.69507590212	-184.037
107.770992277226	-170.378
107.84743953607399	-158.341
107.923886794922	-147.622
108.00033405376999	-137.98
108.076781312618	-129.218
108.15322857146599	-121.17
108.229675830314	-113.694
108.30612308916199	-106.661
108.382039464268	-99.9478
108.458486723116	-93.4305
108.53493398196399	-86.9748
108.611381240812	-80.4273
108.68782849965999	-73.6092
108.76427575850799	-66.3308
108.84072301735598	-58.5047
108.917170276204	-50.6905
108.99308665131	-46.3065
109.06953391015799	-56.8492
109.14598116900599	-89.7801
109.22242842785398	-112.749
109.298875686702	-114.082
109.37532294555	-108.015
109.451770204398	-101.238
109.528217463246	-95.2368
109.604133838352	-90.1319
109.68058109719999	-85.7804
109.75702835604798	-82.0241
109.833475614896	-78.7348
109.909922873744	-75.8163
109.986370132592	-73.1967
110.06281739143999	-70.8223
110.138733766546	-68.6521
110.21518102539399	-66.6546
110.29162828424198	-64.8049
110.36807554309	-63.0834
110.44452280193799	-61.4741
110.520970060786	-59.9638
110.59741731963399	-58.5417
110.673864578482	-57.1988
110.74978095358799	-55.9272
110.826228212436	-54.7204
110.902675471284	-53.5726
110.97912273013199	-52.4789
111.05556998898	-51.435
111.13201724782799	-50.4371
111.208464506676	-49.4816
111.28491176552399	-48.5657
111.36082814063	-47.6866
111.437275399478	-46.8418
111.51372265832599	-46.0292
111.590169917174	-45.2468
111.66661717602199	-44.4927
111.74306443486999	-43.7653
111.81951169371798	-43.0631
111.895958952566	-42.3846
111.971875327672	-41.7287
112.04832258652	-41.094
112.124769845368	-40.4795
112.20121710421598	-39.8843
112.27766436306399	-39.3073
112.35411162191198	-38.7476
112.43055888076	-38.2045
112.507006139608	-37.6772
112.582922514714	-37.1649
112.65936977356199	-36.667
112.73581703240998	-36.1829
112.81226429125799	-35.712
112.88871155010598	-35.2536
112.965158808954	-34.8074
113.041606067802	-34.3728
113.117522442908	-33.9493
113.19396970175599	-33.5365
113.270416960604	-33.134
113.34686421945199	-32.7413
113.42331147829998	-32.3582
113.499758737148	-31.9842
113.57620599599599	-31.6191
113.652653254844	-31.2624
113.72856962994999	-30.9139
113.80501688879801	-30.5734
113.88146414764599	-30.2405
113.95791140649398	-29.915
114.034358665342	-29.5965
114.11080592418999	-29.285
114.187253183038	-28.9801
114.26370044188599	-28.6817
114.339616816992	-28.3895
114.41606407584	-28.1033
114.492511334688	-27.823
114.568958593536	-27.5483
114.64540585238399	-27.2792
114.721853111232	-27.0153
114.79830037007999	-26.7566
114.87474762892799	-26.5029
114.950664004034	-26.2541
115.027111262882	-26.01
115.10355852173	-25.7705
115.180005780578	-25.5354
115.25645303942599	-25.3047
115.33290029827398	-25.0782
115.40934755712199	-24.8557
115.48579481596998	-24.6372
115.561711191076	-24.4226
115.63815844992399	-24.2117
115.714605708772	-24.0046
115.79105296761999	-23.801
115.86750022646798	-23.6008
115.943947485316	-23.4041
116.02039474416398	-23.2106
116.09631111927	-23.0204
116.17275837811799	-22.8332
116.249205636966	-22.6492
116.32565289581399	-22.4681
116.40210015466201	-22.2899
116.47854741351	-22.1146
116.55499467235799	-21.942
116.631441931206	-21.7722
116.70735830631199	-21.6049
116.78380556516	-21.4402
116.86025282400799	-21.2781
116.936700082856	-21.1184
117.013147341704	-20.9611
117.08959460055199	-20.8061
117.1660418594	-20.6535
117.24248911824799	-20.5031
117.31840549335399	-20.3548
117.39485275220198	-20.2087
117.47130001105	-20.0647
117.547747269898	-19.9228
117.624194528746	-19.7828
117.700641787594	-19.6449
117.77708904644199	-19.5088
117.85353630528999	-19.3746
117.92945268039598	-19.2423
118.005899939244	-19.1117
118.082347198092	-18.983
118.15879445694	-18.8559
118.23524171578799	-18.7306
118.31168897463598	-18.6069
118.38813623348399	-18.4848
118.46458349233198	-18.3643
118.540499867438	-18.2455
118.616947126286	-18.1281
118.693394385134	-18.0122
118.76984164398199	-17.8978
118.84628890283	-17.7848
118.92273616167799	-17.6733
118.99918342052598	-17.5631
119.075630679374	-17.4543
119.15154705447999	-17.3469
119.227994313328	-17.2407
119.30444157217599	-17.1359
119.380888831024	-17.0323
119.45733608987199	-16.93
119.53378334871998	-16.8288
119.610230607568	-16.7289
119.68614698267399	-16.6302
119.762594241522	-16.5325
119.83904150036999	-16.4361
119.915488759218	-16.3407
119.99193601806599	-16.2464
120.068383276914	-16.1533
120.144830535762	-16.0611
120.22127779460999	-15.9701
120.297194169716	-15.88
120.37364142856399	-15.7909
120.45008868741199	-15.7028
120.52653594625998	-15.6157
120.602983205108	-15.5296
120.679430463956	-15.4443
120.755877722804	-15.3601
120.832324981652	-15.2766
120.90824135675798	-15.1942
120.984688615606	-15.1125
121.061135874454	-15.0318
121.137583133302	-14.9519
121.21403039215	-14.8728
121.290477650998	-14.7945
121.36692490984599	-14.7171
121.44337216869398	-14.6405
121.5192885438	-14.5646
121.595735802648	-14.4895
121.672183061496	-14.4152
121.74863032034399	-14.3416
121.825077579192	-14.2688
121.90152483803999	-14.1967
121.977972096888	-14.1253
122.05441935573599	-14.0546
122.13033573084199	-13.9846
122.20678298969	-13.9153
122.28323024853799	-13.8467
122.359677507386	-13.7787
122.43612476623399	-13.7114
122.51257202508201	-13.6447
122.58901928392999	-13.5786
122.66493565903599	-13.5132
122.741382917884	-13.4484
122.81783017673199	-13.3842
122.89427743558	-13.3206
122.97072469442799	-13.2576
123.047171953276	-13.1952
123.123619212124	-13.1333
123.200066470972	-13.0721
123.275982846078	-13.0114
123.35243010492599	-12.9512
123.42887736377399	-12.8915
123.50532462262198	-12.8325
123.58177188147	-12.7739
123.658219140318	-12.7158
123.734666399166	-12.6583
123.811113658014	-12.6013
123.88703003311998	-12.5448
123.96347729196799	-12.4887
124.03992455081598	-12.4332
124.116371809664	-12.3781
124.192819068512	-12.3236
124.26926632736	-12.2694
124.34571358620799	-12.2157
124.422160845056	-12.1626
124.49807722016199	-12.1098
124.57452447900998	-12.0575
124.650971737858	-12.0056
124.72741899670599	-11.9542
124.803866255554	-11.9032
124.88031351440199	-11.8526
124.95676077325	-11.8024
125.03320803209799	-11.7527
125.10912440720398	-11.7033
125.185571666052	-11.6543
125.26201892489999	-11.6058
125.338466183748	-11.5576
125.41491344259599	-11.5098
125.491360701444	-11.4625
125.56780796029199	-11.4155
125.64425521914	-11.3688
125.720171594246	-11.3225
125.79661885309399	-11.2766
125.873066111942	-11.2311
125.94951337078999	-11.1859
126.02596062963799	-11.141
126.10240788848598	-11.0965
126.178855147334	-11.0524
126.25477152244	-11.0086
126.33121878128799	-10.9651
126.407666040136	-10.9219
126.48411329898398	-10.8791
126.56056055783199	-10.8366
126.63700781667998	-10.7944
126.713455075528	-10.7526
126.789902334376	-10.711
126.86581870948199	-10.6698
126.94226596832999	-10.6288
127.01871322717798	-10.5882
127.09516048602599	-10.5479
127.17160774487398	-10.5078
127.248055003722	-10.4681
127.32450226257	-10.4286
127.400949521418	-10.3894
127.47686589652399	-10.3505
127.55331315537198	-10.3119
127.62976041422	-10.2736
127.70620767306798	-10.2355
127.782654931916	-10.1977
127.85910219076399	-10.1602
127.935549449612	-10.1229
128.01199670846	-10.0859
128.087913083566	-10.0492
128.164360342414	-10.0127
128.240807601262	-9.97647
128.31725486010998	-9.9405
128.39370211895798	-9.9048
128.470149377806	-9.8693
128.546596636654	-9.83403
128.623043895502	-9.79903
128.69896027060798	-9.7643
128.77540752945598	-9.72977
128.851854788304	-9.69543
128.928302047152	-9.6614
129.004749306	-9.62757
129.081196564848	-9.59393
129.157643823696	-9.56053
129.233560198802	-9.52737
129.31000745765	-9.49443
129.38645471649798	-9.4617
129.46290197534597	-9.42917
129.539349234194	-9.3969
129.61579649304198	-9.3648
129.69224375189	-9.3329
129.768691010738	-9.30123
129.844607385844	-9.26977
129.921054644692	-9.23847
129.99750190353998	-9.2074
130.073949162388	-9.17653
130.150396421236	-9.14587
130.226843680084	-9.11537
130.30329093893198	-9.08507
130.37973819778	-9.055
130.455654572886	-9.02507
130.532101831734	-8.9954
130.608549090582	-8.96587
130.68499634942998	-8.9365
130.761443608278	-8.90733
130.837890867126	-8.8783
130.91433812597398	-8.84953
130.99078538482198	-8.82087
131.066701759928	-8.79247
131.143149018776	-8.76413
131.219596277624	-8.73607
131.29604353647198	-8.70807
131.37249079531998	-8.6803
131.448938054168	-8.6527
131.525385313016	-8.62527
131.601832571864	-8.598
131.67774894696998	-8.5709
131.754196205818	-8.54393
131.830643464666	-8.51713
131.907090723514	-8.4905
131.983537982362	-8.46407
132.05998524120997	-8.4377
132.136432500058	-8.41157
132.212348875164	-8.38557
132.288796134012	-8.3597
132.36524339285998	-8.33397
132.44169065170797	-8.3084
132.518137910556	-8.283
132.59458516940398	-8.25773
132.671032428252	-8.2326
132.7474796871	-8.2076
132.823396062206	-8.1828
132.899843321054	-8.1581
132.976290579902	-8.13353
133.05273783875	-8.1091
133.129185097598	-8.08487
133.205632356446	-8.06073
133.28207961529398	-8.0367
133.358526874142	-8.0128
133.43444324924798	-7.9891
133.510890508096	-7.96547
133.587337766944	-7.94197
133.663785025792	-7.91863
133.74023228464	-7.89543
133.816679543488	-7.87233
133.89312680233598	-7.84937
133.96957406118398	-7.82653
134.04549043629	-7.80377
134.121937695138	-7.78117
134.198384953986	-7.75873
134.27483221283399	-7.73643
134.35127947168198	-7.7142
134.42772673053	-7.69203
134.504173989378	-7.6701
134.580621248226	-7.6482
134.65653762333199	-7.62643
134.73298488218	-7.6048
134.809432141028	-7.58327
134.885879399876	-7.56187
134.96232665872398	-7.54053
135.03877391757197	-7.51933
135.11522117642	-7.4983
135.19166843526799	-7.4773
135.267584810374	-7.45647
135.34403206922198	-7.43573
135.42047932807	-7.41503
135.496926586918	-7.3945
135.57337384576599	-7.3741
135.649821104614	-7.3538
135.726268363462	-7.33357
135.802184738568	-7.31347
135.878631997416	-7.29343
135.95507925626399	-7.2735
136.03152651511198	-7.2537
136.10797377396	-7.234
136.184421032808	-7.2144
136.26086829165598	-7.19483
136.337315550504	-7.17547
136.41323192560998	-7.15613
136.489679184458	-7.13693
136.566126443306	-7.1178
136.642573702154	-7.09873
136.719020961002	-7.07983
136.79546821985	-7.06097
136.87191547869799	-7.04223
136.94836273754598	-7.02353
137.024279112652	-7.005
137.1007263715	-6.98653
137.177173630348	-6.96813
137.253620889196	-6.9498
137.330068148044	-6.93163
137.406515406892	-6.91353
137.48296266574	-6.89547
137.55940992458798	-6.87757
137.635326299694	-6.8597
137.711773558542	-6.8419
137.78822081739	-6.82423
137.864668076238	-6.8066
137.94111533508598	-6.78907
138.01756259393397	-6.77163
138.094009852782	-6.75427
138.17045711163	-6.73703
138.246373486736	-6.71987
138.32282074558398	-6.70273
138.399268004432	-6.68573
138.47571526328	-6.66873
138.55216252212801	-6.6519
138.62860978097598	-6.6351
138.70505703982397	-6.61837
138.78097341493	-6.60173
138.857420673778	-6.5852
138.933867932626	-6.56873
139.01031519147398	-6.5523
139.086762450322	-6.53593
139.16320970917	-6.5197
139.239656968018	-6.5035
139.316104226866	-6.4874
139.39202060197198	-6.47137
139.46846786082	-6.45543
139.544915119668	-6.43953
139.621362378516	-6.4237
139.697809637364	-6.40793
139.774256896212	-6.39227
139.85070415506	-6.3767
139.92715141390798	-6.3611
140.00306778901398	-6.34567
140.07951504786197	-6.33027
140.15596230671	-6.31497
140.232409565558	-6.29967
140.308856824406	-6.2845
140.385304083254	-6.2694
140.461751342102	-6.25433
140.53819860094998	-6.23933
140.614114976056	-6.22437
140.690562234904	-6.2095
140.767009493752	-6.19473
140.8434567526	-6.17997
140.91990401144798	-6.16533
140.996351270296	-6.15073
141.072798529144	-6.13617
141.149245787992	-6.1217
141.225162163098	-6.10727
141.30160942194598	-6.0929
141.378056680794	-6.07863
141.454503939642	-6.0644
141.53095119849	-6.05023
141.60739845733798	-6.03613
141.683845716186	-6.02203
141.760292975034	-6.00807
141.83620935014	-5.99413
141.912656608988	-5.98023
141.98910386783598	-5.96643
142.065551126684	-5.95267
142.141998385532	-5.93897
142.21844564438	-5.92533
142.294892903228	-5.91173
142.37080927833398	-5.89823
142.447256537182	-5.88473
142.52370379603	-5.87133
142.60015105487798	-5.85797
142.67659831372598	-5.84467
142.753045572574	-5.83143
142.829492831422	-5.81823
142.90594009027	-5.8051
142.98185646537598	-5.792
143.05830372422398	-5.77897
143.134750983072	-5.76597
143.21119824192	-5.75307
143.287645500768	-5.7402
143.364092759616	-5.72733
143.440540018464	-5.71457
143.51698727731198	-5.70187
143.592903652418	-5.6892
143.669350911266	-5.67657
143.745798170114	-5.664
143.822245428962	-5.6515
143.89869268780998	-5.63903
143.975139946658	-5.6266
144.051587205506	-5.61423
144.128034464354	-5.60193
144.20395083946	-5.58963
144.28039809830798	-5.57743
144.356845357156	-5.56527
144.433292616004	-5.55313
144.509739874852	-5.54107
144.58618713369998	-5.52903
144.662634392548	-5.51707
144.739081651396	-5.5051
144.814998026502	-5.49323
144.89144528535	-5.4814
144.96789254419798	-5.4696
145.044339803046	-5.45783
145.120787061894	-5.44613
145.19723432074198	-5.43447
145.27368157958998	-5.42287
145.34959795469598	-5.4113
145.426045213544	-5.39977
145.502492472392	-5.3883
145.57893973123998	-5.37687
145.65538699008798	-5.36543
145.731834248936	-5.3541
145.808281507784	-5.3428
145.884728766632	-5.33153
145.96064514173798	-5.32033
146.03709240058598	-5.30913
146.113539659434	-5.298
146.189986918282	-5.2869
146.26643417713	-5.27587
146.342881435978	-5.26483
146.419328694826	-5.2539
146.49577595367398	-5.24293
146.57169232878	-5.23207
146.64813958762798	-5.2212
146.72458684647597	-5.2104
146.801034105324	-5.19967
146.87748136417198	-5.18893
146.95392862302	-5.17823
147.030375881868	-5.16757
147.106823140716	-5.15697
147.182739515822	-5.14643
147.25918677466998	-5.1359
147.335634033518	-5.1254
147.412081292366	-5.11493
147.488528551214	-5.1045
147.56497581006198	-5.09413
147.64142306891	-5.08383
147.717870327758	-5.0735
147.793786702864	-5.06323
147.870233961712	-5.053
147.94668122055998	-5.0428
148.023128479408	-5.03267
148.099575738256	-5.02257
148.17602299710398	-5.01247
148.25247025595198	-5.00243
148.328386631058	-4.9924
148.404833889906	-4.98243
148.481281148754	-4.9725
148.55772840760199	-4.96263
148.63417566644998	-4.95273
148.710622925298	-4.9429
148.787070184146	-4.93313
148.863517442994	-4.92333
148.93943381809999	-4.91363
149.015881076948	-4.90393
149.092328335796	-4.89427
149.168775594644	-4.88467
149.24522285349198	-4.87507
149.32167011233997	-4.8655
149.398117371188	-4.85597
149.47456463003599	-4.8465
149.550481005142	-4.83703
149.62692826398998	-4.82763
149.70337552283797	-4.8182
149.779822781686	-4.80887
149.85627004053399	-4.79953
149.932717299382	-4.79023
150.00916455823	-4.781
150.085611817078	-4.77173
150.161528192184	-4.76253
150.237975451032	-4.7534
150.31442270988	-4.74423
150.39086996872797	-4.73513
150.467317227576	-4.72607
150.54376448642398	-4.71703
150.620211745272	-4.708
150.69665900412	-4.69903
150.772575379226	-4.69007
150.849022638074	-4.68113
150.92546989692198	-4.67223
151.00191715577	-4.6634
151.078364414618	-4.65457
151.15481167346599	-4.64577
151.23125893231398	-4.63697
151.307706191162	-4.62823
151.383622566268	-4.61953
151.460069825116	-4.61087
151.536517083964	-4.6022
151.61296434281198	-4.59357
151.68941160166	-4.58497
151.765858860508	-4.57643
151.84230611935598	-4.56787
151.918222494462	-4.55937
151.99466975331	-4.55087
152.071117012158	-4.5424
152.147564271006	-4.534
152.22401152985398	-4.52557
152.30045878870197	-4.5172
152.37690604755	-4.50883
152.453353306398	-4.50053
152.529269681504	-4.49223
152.60571694035198	-4.48397
152.6821641992	-4.47577
