 
0.0000 0
0.0144 0
0.0288 0.0001
0.0432 0.0001
0.0575 0.0001
0.0719 0.000133333
0.0863 0.0002
0.1007 0.0002
0.1151 0.000233333
0.1295 0.0003
0.1439 0.0003
0.1583 0.000333333
0.1726 0.000333333
0.1870 0.0004
0.2014 0.000433333
0.2158 0.000433333
0.2302 0.000433333
0.2446 0.0005
0.2590 0.000533333
0.2734 0.000533333
0.2877 0.0006
0.3021 0.000633333
0.3165 0.000633333
0.3309 0.000633333
0.3453 0.000733333
0.3597 0.000733333
0.3741 0.000733333
0.3885 0.000833333
0.4028 0.000833333
0.4172 0.000833333
0.4316 0.000866667
0.4460 0.000933333
0.4604 0.000933333
0.4748 0.000966667
0.4892 0.00103333
0.5036 0.00103333
0.5179 0.00106667
0.5323 0.00106667
0.5467 0.00113333
0.5611 0.00116667
0.5755 0.00116667
0.5899 0.00123333
0.6043 0.00126667
0.6186 0.00126667
0.6330 0.00126667
0.6474 0.00136667
0.6618 0.00136667
0.6762 0.00136667
0.6906 0.00146667
0.7050 0.00146667
0.7194 0.00146667
0.7337 0.0015
0.7481 0.00156667
0.7625 0.00156667
0.7769 0.0016
0.7913 0.00166667
0.8057 0.00166667
0.8201 0.0017
0.8345 0.0017
0.8488 0.00176667
0.8632 0.0018
0.8776 0.0018
0.8920 0.00186667
0.9064 0.0019
0.9208 0.0019
0.9352 0.0019
0.9496 0.002
0.9639 0.002
0.9783 0.002
0.9927 0.0021
1.0071 0.0021
1.0215 0.0021
1.0359 0.0022
1.0503 0.0022
1.0647 0.0022
1.0790 0.00223333
1.0934 0.0023
1.1078 0.0023
1.1222 0.00233333
1.1366 0.0024
1.1510 0.0024
1.1654 0.00243333
1.1798 0.0025
1.1941 0.0025
1.2085 0.00253333
1.2229 0.00253333
1.2373 0.0026
1.2517 0.00263333
1.2661 0.00263333
1.2805 0.0027
1.2948 0.00273333
1.3092 0.00273333
1.3236 0.0028
1.3380 0.00283333
1.3524 0.00283333
1.3668 0.00283333
1.3812 0.00293333
1.3956 0.00293333
1.4099 0.00293333
1.4243 0.00303333
1.4387 0.00303333
1.4531 0.00306667
1.4675 0.00313333
1.4819 0.00313333
1.4963 0.00316667
1.5107 0.00323333
1.5250 0.00323333
1.5394 0.00326667
1.5538 0.00333333
1.5682 0.00333333
1.5826 0.00336667
1.5970 0.00336667
1.6114 0.00343333
1.6258 0.00346667
1.6401 0.00346667
1.6545 0.00356667
1.6689 0.00356667
1.6833 0.00356667
1.6977 0.00366667
1.7121 0.00366667
1.7265 0.00366667
1.7409 0.00376667
1.7552 0.00376667
1.7696 0.00376667
1.7840 0.00386667
1.7984 0.00386667
1.8128 0.0039
1.8272 0.00396667
1.8416 0.00396667
1.8559 0.004
1.8703 0.00406667
1.8847 0.00406667
1.8991 0.0041
1.9135 0.00416667
1.9279 0.0042
1.9423 0.0042
1.9567 0.00426667
1.9710 0.0043
1.9854 0.0043
1.9998 0.00436667
2.0142 0.0044
2.0286 0.0044
2.0430 0.0045
2.0574 0.0045
2.0718 0.0045
2.0861 0.0046
2.1005 0.0046
2.1149 0.00463333
2.1293 0.0047
2.1437 0.0047
2.1581 0.00473333
2.1725 0.0048
2.1869 0.0048
2.2012 0.0049
2.2156 0.0049
2.2300 0.00493333
2.2444 0.005
2.2588 0.005
2.2732 0.00503333
2.2876 0.0051
2.3020 0.00513333
2.3163 0.00513333
2.3307 0.0052
2.3451 0.00523333
2.3595 0.0053
2.3739 0.00533333
2.3883 0.00533333
2.4027 0.00543333
2.4171 0.00543333
2.4314 0.00543333
2.4458 0.00553333
2.4602 0.00553333
2.4746 0.00563333
2.4890 0.00563333
2.5034 0.00563333
2.5178 0.00573333
2.5321 0.00573333
2.5465 0.00576667
2.5609 0.00583333
2.5753 0.00586667
2.5897 0.00593333
2.6041 0.00593333
2.6185 0.00596667
2.6329 0.00603333
2.6472 0.00606667
2.6616 0.00613333
2.6760 0.00616667
2.6904 0.00616667
2.7048 0.00623333
2.7192 0.00626667
2.7336 0.00633333
2.7480 0.00636667
2.7623 0.00636667
2.7767 0.00646667
2.7911 0.00646667
2.8055 0.00656667
2.8199 0.00656667
2.8343 0.00663333
2.8487 0.00666667
2.8631 0.00666667
2.8774 0.00676667
2.8918 0.00676667
2.9062 0.00686667
2.9206 0.00686667
2.9350 0.00696667
2.9494 0.00696667
2.9638 0.007
2.9782 0.00706667
2.9925 0.0071
3.0069 0.00716667
3.0213 0.00716667
3.0357 0.00726667
3.0501 0.00726667
3.0645 0.00736667
3.0789 0.00736667
3.0932 0.0074
3.1076 0.00746667
3.1220 0.0075
3.1364 0.00756667
3.1508 0.0076
3.1652 0.00766667
3.1796 0.0077
3.1940 0.00776667
3.2083 0.0078
3.2227 0.00786667
3.2371 0.0079
3.2515 0.00796667
3.2659 0.008
3.2803 0.00806667
3.2947 0.0081
3.3091 0.00816667
3.3234 0.0082
3.3378 0.00826667
3.3522 0.0083
3.3666 0.00836667
3.3810 0.0084
3.3954 0.00846667
3.4098 0.0085
3.4242 0.0086
3.4385 0.0086
3.4529 0.0087
3.4673 0.0087
3.4817 0.0088
3.4961 0.0088
3.5105 0.0089
3.5249 0.0089
3.5393 0.009
3.5536 0.009
3.5680 0.0091
3.5824 0.00913333
3.5968 0.0092
3.6112 0.0093
3.6256 0.0093
3.6400 0.0094
3.6543 0.0094
3.6687 0.0095
3.6831 0.0095
3.6975 0.0096
3.7119 0.0097
3.7263 0.0097
3.7407 0.0098
3.7551 0.0098
3.7694 0.0099
3.7838 0.00993333
3.7982 0.01
3.8126 0.0101
3.8270 0.0101
3.8414 0.0102
3.8558 0.0103
3.8702 0.0103
3.8845 0.0104
3.8989 0.0104
3.9133 0.0105
3.9277 0.0106
3.9421 0.0106
3.9565 0.0107
3.9709 0.0108
3.9853 0.0108
3.9996 0.0109
4.0140 0.0109667
4.0284 0.011
4.0428 0.0111
4.0572 0.0111667
4.0716 0.0112
4.0860 0.0113
4.1004 0.0113667
4.1147 0.0114
4.1291 0.0115
4.1435 0.0115667
4.1579 0.0116
4.1723 0.0117
4.1867 0.0117667
4.2011 0.0118667
4.2155 0.0119
4.2298 0.0119667
4.2442 0.0120667
4.2586 0.0121667
4.2730 0.0122
4.2874 0.0122667
4.3018 0.0123667
4.3162 0.0124667
4.3305 0.0125
4.3449 0.0125667
4.3593 0.0126667
4.3737 0.0127667
4.3881 0.0128333
4.4025 0.0129333
4.4169 0.0129667
4.4313 0.0130667
4.4456 0.0131333
4.4600 0.0132333
4.4744 0.0133333
4.4888 0.0134333
4.5032 0.0134333
4.5176 0.0135333
4.5320 0.0136333
4.5464 0.0137333
4.5607 0.0138
4.5751 0.0139
4.5895 0.014
4.6039 0.0141
4.6183 0.0142
4.6327 0.0142667
4.6471 0.0143667
4.6615 0.0144
4.6758 0.0145
4.6902 0.0146
4.7046 0.0147
4.7190 0.0147667
4.7334 0.0148667
4.7478 0.0149667
4.7622 0.0150667
4.7766 0.0151667
4.7909 0.0152667
4.8053 0.0154333
4.8197 0.0155
4.8341 0.0156
4.8485 0.0157
4.8629 0.0158
4.8773 0.0159
4.8916 0.016
4.9060 0.0161
4.9204 0.0162
4.9348 0.0163
4.9492 0.0164667
4.9636 0.0165667
4.9780 0.0166333
4.9924 0.0167333
5.0067 0.0168333
5.0211 0.017
5.0355 0.0171
5.0499 0.0172
5.0643 0.0173
5.0787 0.0174667
5.0931 0.0175667
5.1075 0.0176667
5.1218 0.0178333
5.1362 0.0179333
5.1506 0.0180333
5.1650 0.0182
5.1794 0.0183
5.1938 0.0184
5.2082 0.0185667
5.2226 0.0187
5.2369 0.0188667
5.2513 0.0189667
5.2657 0.0191333
5.2801 0.0192333
5.2945 0.0194
5.3089 0.0195
5.3233 0.0196667
5.3377 0.0197667
5.3520 0.0199333
5.3664 0.0200667
5.3808 0.0202333
5.3952 0.0204
5.4096 0.0205
5.4240 0.0206667
5.4384 0.0208333
5.4528 0.0210333
5.4671 0.0211333
5.4815 0.0213
5.4959 0.0214667
5.5103 0.0216333
5.5247 0.0218333
5.5391 0.0219333
5.5535 0.0221
5.5678 0.0222667
5.5822 0.0224667
5.5966 0.0226333
5.6110 0.0228
5.6254 0.023
5.6398 0.0231667
5.6542 0.0233333
5.6686 0.0236
5.6829 0.0237667
5.6973 0.0239333
5.7117 0.0241333
5.7261 0.0243
5.7405 0.0245333
5.7549 0.0247333
5.7693 0.0249
5.7837 0.0251667
5.7980 0.0253333
5.8124 0.0256
5.8268 0.0257667
5.8412 0.0260333
5.8556 0.0262
5.8700 0.0264667
5.8844 0.0267
5.8988 0.0269
5.9131 0.0271333
5.9275 0.0274
5.9419 0.0276333
5.9563 0.0279
5.9707 0.0281333
5.9851 0.0284
5.9995 0.0286667
6.0139 0.0289
6.0282 0.0291667
6.0426 0.0294333
6.0570 0.0296667
6.0714 0.03
6.0858 0.0302667
6.1002 0.0305
6.1146 0.0308333
6.1289 0.0311
6.1433 0.0314333
6.1577 0.0317667
6.1721 0.0320667
6.1865 0.0323333
6.2009 0.0326667
6.2153 0.033
6.2297 0.0333333
6.2440 0.0336667
6.2584 0.0340667
6.2728 0.0344
6.2872 0.0347333
6.3016 0.0351333
6.3160 0.0354667
6.3304 0.0358667
6.3448 0.0362667
6.3591 0.0366667
6.3735 0.0370667
6.3879 0.0374667
6.4023 0.0378667
6.4167 0.0382667
6.4311 0.0386667
6.4455 0.0391667
6.4599 0.0396333
6.4742 0.0400333
6.4886 0.0405
6.5030 0.041
6.5174 0.0414667
6.5318 0.042
6.5462 0.0425
6.5606 0.0430333
6.5750 0.0435
6.5893 0.0440667
6.6037 0.0446
6.6181 0.0451667
6.6325 0.0457667
6.6469 0.0463333
6.6613 0.0469667
6.6757 0.0475667
6.6900 0.0482
6.7044 0.0489
6.7188 0.0495
6.7332 0.0502
6.7476 0.0509
6.7620 0.0516667
6.7764 0.0523333
6.7908 0.0531
6.8051 0.0538667
6.8195 0.0546333
6.8339 0.0554667
6.8483 0.0563
6.8627 0.0571333
6.8771 0.0580333
6.8915 0.0589333
6.9059 0.0598667
6.9202 0.0608333
6.9346 0.0618
6.9490 0.0628333
6.9634 0.0638333
6.9778 0.0649333
6.9922 0.0660667
7.0066 0.0671667
7.0210 0.0683333
7.0353 0.0695333
7.0497 0.0708
7.0641 0.0720333
7.0785 0.0733667
7.0929 0.0747667
7.1073 0.0761667
7.1217 0.0776
7.1361 0.0791333
7.1504 0.0806667
7.1648 0.0822667
7.1792 0.0839333
7.1936 0.0857
7.2080 0.0875
7.2224 0.0893667
7.2368 0.0913
7.2512 0.0933333
7.2655 0.0954
7.2799 0.0975667
7.2943 0.0998333
7.3087 0.1022
7.3231 0.104633
7.3375 0.107167
7.3519 0.1098
7.3662 0.112567
7.3806 0.115467
7.3950 0.1185
7.4094 0.121667
7.4238 0.125
7.4382 0.128433
7.4526 0.1321
7.4670 0.135867
7.4813 0.139867
7.4957 0.144033
7.5101 0.1485
7.5245 0.1531
7.5389 0.158033
7.5533 0.1632
7.5677 0.168633
7.5821 0.174467
7.5964 0.180533
7.6108 0.187033
7.6252 0.1939
7.6396 0.2012
7.6540 0.208967
7.6684 0.217267
7.6828 0.2261
7.6972 0.235533
7.7115 0.245667
7.7259 0.256467
7.7403 0.2681
7.7547 0.280633
7.7691 0.294133
7.7835 0.3087
7.7979 0.3245
7.8123 0.341633
7.8266 0.360267
7.8410 0.3806
7.8554 0.402833
7.8698 0.427167
7.8842 0.453967
7.8986 0.483567
7.9130 0.516267
7.9273 0.552633
7.9417 0.5932
7.9561 0.638667
7.9705 0.6898
7.9849 0.747667
7.9993 0.813433
8.0137 0.888633
8.0281 0.9752
8.0424 1.07547
8.0568 1.1926
8.0712 1.3304
8.0856 1.4943
8.1000 1.69107
8.1144 1.93023
8.1288 2.22467
8.1432 2.59283
8.1575 3.06113
8.1719 3.6691
8.1863 4.4771
8.2007 5.58147
8.2151 7.1422
8.2295 9.43797
8.2439 12.9817
8.2583 18.7686
8.2726 28.7907
8.2870 46.6942
8.3014 74.9221
8.3158 94.8864
8.3302 76.9517
8.3446 48.2819
8.3590 29.6953
8.3734 19.2813
8.3877 13.2901
8.4021 9.63637
8.4165 7.27817
8.4309 5.68023
8.4453 4.55267
8.4597 3.7298
8.4741 3.1121
8.4885 2.6373
8.5028 2.2649
8.5172 1.9676
8.5316 1.72673
8.5460 1.529
8.5604 1.3647
8.5748 1.22687
8.5892 1.11013
8.6035 1.01047
8.6179 0.924767
8.6323 0.850533
8.6467 0.785933
8.6611 0.729367
8.6755 0.679633
8.6899 0.635667
8.7043 0.596733
8.7186 0.562033
8.7330 0.531067
8.7474 0.5034
8.7618 0.478533
8.7762 0.456233
8.7906 0.436133
8.8050 0.418
8.8194 0.4017
8.8337 0.386933
8.8481 0.373633
8.8625 0.361667
8.8769 0.3509
8.8913 0.341167
8.9057 0.332467
8.9201 0.3247
8.9345 0.3178
8.9488 0.311733
8.9632 0.3064
8.9776 0.3018
8.9920 0.297867
9.0064 0.294567
9.0208 0.291933
9.0352 0.2899
9.0496 0.288467
9.0639 0.287633
9.0783 0.287367
9.0927 0.2877
9.1071 0.288633
9.1215 0.290133
9.1359 0.292267
9.1503 0.295
9.1646 0.2984
9.1790 0.302467
9.1934 0.3073
9.2078 0.312833
9.2222 0.319167
9.2366 0.3264
9.2510 0.334533
9.2654 0.343633
9.2797 0.3538
9.2941 0.3652
9.3085 0.377933
9.3229 0.392067
9.3373 0.407867
9.3517 0.4254
9.3661 0.444967
9.3805 0.466767
9.3948 0.491233
9.4092 0.518533
9.4236 0.5493
9.4380 0.583933
9.4524 0.623033
9.4668 0.6675
9.4812 0.7181
9.4956 0.776033
9.5099 0.8428
9.5243 0.920133
9.5387 1.01027
9.5531 1.1162
9.5675 1.24177
9.5819 1.3919
9.5963 1.5735
9.6107 1.79567
9.6250 2.07143
9.6394 2.41907
9.6538 2.8655
9.6682 3.45123
9.6826 4.2395
9.6970 5.3326
9.7114 6.90423
9.7257 9.26417
9.7401 12.9965
9.7545 19.2568
9.7689 30.33
9.7833 49.7042
9.7977 74.5731
9.8121 77.7557
9.8265 54.13
9.8408 33.0738
9.8552 20.7834
9.8696 13.8756
9.8840 9.80013
9.8984 7.24883
9.9128 5.56403
9.9272 4.4002
9.9416 3.56567
9.9559 2.94833
9.9703 2.47953
9.9847 2.11553
9.9991 1.82747
10.0135 1.59577
10.0279 1.40667
10.0423 1.25027
10.0567 1.11967
10.0710 1.0094
10.0854 0.915433
10.0998 0.8348
10.1142 0.765
10.1286 0.7043
10.1430 0.6511
10.1574 0.604233
10.1718 0.5628
10.1861 0.5259
10.2005 0.493
10.2149 0.4634
10.2293 0.436833
10.2437 0.4128
10.2581 0.391033
10.2725 0.371267
10.2869 0.353267
10.3012 0.336767
10.3156 0.3217
10.3300 0.3078
10.3444 0.295067
10.3588 0.2833
10.3732 0.272433
10.3876 0.262367
10.4019 0.253033
10.4163 0.244367
10.4307 0.236367
10.4451 0.228833
10.4595 0.221867
10.4739 0.2153
10.4883 0.2092
10.5027 0.2035
10.5170 0.198167
10.5314 0.193133
10.5458 0.188433
10.5602 0.184
10.5746 0.179833
10.5890 0.1759
10.6034 0.172233
10.6178 0.168733
10.6321 0.1655
10.6465 0.162367
10.6609 0.1595
10.6753 0.156733
10.6897 0.1541
10.7041 0.151667
10.7185 0.149367
10.7329 0.1472
10.7472 0.145133
10.7616 0.143167
10.7760 0.141367
10.7904 0.139633
10.8048 0.137967
10.8192 0.136467
10.8336 0.134967
10.8480 0.133633
10.8623 0.1323
10.8767 0.1311
10.8911 0.129967
10.9055 0.1289
10.9199 0.127833
10.9343 0.1269
10.9487 0.126
10.9630 0.125167
10.9774 0.124467
10.9918 0.123733
11.0062 0.123067
11.0206 0.122433
11.0350 0.1219
11.0494 0.121367
11.0638 0.120933
11.0781 0.120467
11.0925 0.1201
11.1069 0.119767
11.1213 0.119433
11.1357 0.119167
11.1501 0.118967
11.1645 0.118767
11.1789 0.118633
11.1932 0.1185
11.2076 0.1184
11.2220 0.1184
11.2364 0.1184
11.2508 0.118367
11.2652 0.118467
11.2796 0.118533
11.2940 0.118667
11.3083 0.118833
11.3227 0.118967
11.3371 0.1192
11.3515 0.119467
11.3659 0.119733
11.3803 0.120033
11.3947 0.120367
11.4091 0.1207
11.4234 0.121067
11.4378 0.121533
11.4522 0.121967
11.4666 0.122467
11.4810 0.122933
11.4954 0.1235
11.5098 0.124067
11.5242 0.124633
11.5385 0.125267
11.5529 0.1259
11.5673 0.126567
11.5817 0.127333
11.5961 0.128067
11.6105 0.128833
11.6249 0.129667
11.6392 0.130467
11.6536 0.131333
11.6680 0.132267
11.6824 0.1332
11.6968 0.134167
11.7112 0.135167
11.7256 0.136167
11.7400 0.137233
11.7543 0.1383
11.7687 0.139467
11.7831 0.140667
11.7975 0.1418
11.8119 0.143067
11.8263 0.144333
11.8407 0.145667
11.8551 0.147067
11.8694 0.148433
11.8838 0.149833
11.8982 0.151333
11.9126 0.152867
11.9270 0.154467
11.9414 0.156067
11.9558 0.1577
11.9702 0.1594
11.9845 0.161167
11.9989 0.163
12.0133 0.164867
12.0277 0.166767
12.0421 0.168733
12.0565 0.170733
12.0709 0.172833
12.0853 0.174967
12.0996 0.177167
12.1140 0.179433
12.1284 0.181733
12.1428 0.184167
12.1572 0.186633
12.1716 0.189167
12.1860 0.191733
12.2003 0.1944
12.2147 0.197167
12.2291 0.200033
12.2435 0.202933
12.2579 0.205967
12.2723 0.209033
12.2867 0.212267
12.3011 0.215533
12.3154 0.2189
12.3298 0.2224
12.3442 0.226033
12.3586 0.229733
12.3730 0.233567
12.3874 0.2375
12.4018 0.2416
12.4162 0.2458
12.4305 0.2501
12.4449 0.2546
12.4593 0.259233
12.4737 0.264033
12.4881 0.269
12.5025 0.274067
12.5169 0.279367
12.5313 0.2848
12.5456 0.290467
12.5600 0.296333
12.5744 0.3024
12.5888 0.308667
12.6032 0.315167
12.6176 0.321933
12.6320 0.3289
12.6464 0.336167
12.6607 0.343733
12.6751 0.351533
12.6895 0.359667
12.7039 0.368133
12.7183 0.3769
12.7327 0.3861
12.7471 0.3956
12.7614 0.4055
12.7758 0.415867
12.7902 0.426633
12.8046 0.4379
12.8190 0.449667
12.8334 0.461933
12.8478 0.474733
12.8622 0.488233
12.8765 0.502233
12.8909 0.516967
12.9053 0.5324
12.9197 0.548633
12.9341 0.565667
12.9485 0.583567
12.9629 0.602433
12.9773 0.622233
12.9916 0.643167
13.0060 0.6652
13.0204 0.6885
13.0348 0.713133
13.0492 0.7392
13.0636 0.766833
13.0780 0.796167
13.0924 0.8273
13.1067 0.8604
13.1211 0.895733
13.1355 0.933333
13.1499 0.973567
13.1643 1.0166
13.1787 1.06273
13.1931 1.11227
13.2075 1.16557
13.2218 1.22297
13.2362 1.28497
13.2506 1.3521
13.2650 1.42497
13.2794 1.50417
13.2938 1.59053
13.3082 1.68497
13.3226 1.78853
13.3369 1.9025
13.3513 2.02817
13.3657 2.16743
13.3801 2.3223
13.3945 2.4952
13.4089 2.68907
13.4233 2.90767
13.4376 3.15523
13.4520 3.43737
13.4664 3.76093
13.4808 4.13447
13.4952 4.569
13.5096 5.07887
13.5240 5.68263
13.5384 6.4052
13.5527 7.28013
13.5671 8.3538
13.5815 9.69153
13.5959 11.3876
13.6103 13.5823
13.6247 16.4902
13.6391 20.4529
13.6535 26.0368
13.6678 34.2283
13.6822 46.8394
13.6966 67.3832
13.7110 102.89
13.7254 166.288
13.7398 266.806
13.7542 340.27
13.7686 278.453
13.7829 175.625
13.7973 108.554
13.8117 71.0311
13.8261 49.5463
13.8405 36.547
13.8549 28.2618
13.8693 22.7592
13.8837 18.9997
13.8980 16.3959
13.9124 14.604
13.9268 13.4204
13.9412 12.7276
13.9556 12.469
13.9700 12.636
13.9844 13.2695
13.9987 14.471
14.0131 16.4328
14.0275 19.4986
14.0419 24.2897
14.0563 31.9696
14.0707 44.8198
14.0851 67.415
14.0995 107.937
14.1138 170.087
14.1282 207.208
14.1426 162.492
14.1570 101.618
14.1714 63.2328
14.1858 41.7094
14.2002 29.2329
14.2146 21.555
14.2289 16.5529
14.2433 13.1312
14.2577 10.6934
14.2721 8.89663
14.2865 7.5342
14.3009 6.4759
14.3153 5.63683
14.3297 4.9597
14.3440 4.4048
14.3584 3.9438
14.3728 3.55633
14.3872 3.22717
14.4016 2.9449
14.4160 2.70087
14.4304 2.4882
14.4448 2.3016
14.4591 2.13693
14.4735 1.99067
14.4879 1.8602
14.5023 1.74317
14.5167 1.6378
14.5311 1.54247
14.5455 1.45593
14.5599 1.3771
14.5742 1.30513
14.5886 1.2391
14.6030 1.17847
14.6174 1.12257
14.6318 1.0709
14.6462 1.02303
14.6606 0.978667
14.6749 0.9374
14.6893 0.898933
14.7037 0.863
14.7181 0.8294
14.7325 0.797967
14.7469 0.768467
14.7613 0.740767
14.7757 0.714733
14.7900 0.690167
14.8044 0.666967
14.8188 0.645133
14.8332 0.6244
14.8476 0.604833
14.8620 0.5863
14.8764 0.568733
14.8908 0.552033
14.9051 0.536167
14.9195 0.521067
14.9339 0.506733
14.9483 0.493033
14.9627 0.479933
14.9771 0.4675
14.9915 0.455633
15.0059 0.444233
15.0202 0.433367
15.0346 0.423
15.0490 0.413067
15.0634 0.403533
15.0778 0.394367
15.0922 0.3856
15.1066 0.377167
15.1210 0.369133
15.1353 0.361367
15.1497 0.353933
15.1641 0.346733
15.1785 0.339833
15.1929 0.3332
15.2073 0.326867
15.2217 0.320667
15.2360 0.314733
15.2504 0.309033
15.2648 0.3035
15.2792 0.2982
15.2936 0.293067
15.3080 0.288167
15.3224 0.283367
15.3368 0.278767
15.3511 0.2743
15.3655 0.27
15.3799 0.265833
15.3943 0.261833
15.4087 0.257967
15.4231 0.2542
15.4375 0.250567
15.4519 0.247033
15.4662 0.243667
15.4806 0.240333
15.4950 0.237133
15.5094 0.2341
15.5238 0.231067
15.5382 0.228167
15.5526 0.225367
15.5670 0.222667
15.5813 0.22
15.5957 0.2175
15.6101 0.215033
15.6245 0.212567
15.6389 0.2103
15.6533 0.208033
15.6677 0.205867
15.6821 0.203733
15.6964 0.2017
15.7108 0.1997
15.7252 0.197767
15.7396 0.195933
15.7540 0.1941
15.7684 0.192367
15.7828 0.190667
15.7971 0.189
15.8115 0.1874
15.8259 0.1859
15.8403 0.1844
15.8547 0.182933
15.8691 0.181533
15.8835 0.180167
15.8979 0.178867
15.9122 0.1776
15.9266 0.176367
15.9410 0.1752
15.9554 0.174033
15.9698 0.1729
15.9842 0.171833
15.9986 0.1708
16.0130 0.169833
16.0273 0.1688
16.0417 0.167867
16.0561 0.167033
16.0705 0.1661
16.0849 0.165267
16.0993 0.1645
16.1137 0.163733
16.1281 0.163
16.1424 0.162267
16.1568 0.161567
16.1712 0.160933
16.1856 0.160333
16.2000 0.1597
16.2144 0.1591
16.2288 0.1586
16.2432 0.158067
16.2575 0.157567
16.2719 0.157067
16.2863 0.156667
16.3007 0.156233
16.3151 0.155833
16.3295 0.155467
16.3439 0.155133
16.3583 0.154833
16.3726 0.154533
16.3870 0.154233
16.4014 0.153933
16.4158 0.153733
16.4302 0.153533
16.4446 0.153333
16.4590 0.1532
16.4733 0.153033
16.4877 0.1529
16.5021 0.1528
16.5165 0.1527
16.5309 0.152667
16.5453 0.1526
16.5597 0.1526
16.5741 0.152567
16.5884 0.152567
16.6028 0.152633
16.6172 0.152733
16.6316 0.1528
16.6460 0.1529
16.6604 0.153
16.6748 0.153167
16.6892 0.153333
16.7035 0.1535
16.7179 0.1537
16.7323 0.153867
16.7467 0.154133
16.7611 0.1544
16.7755 0.154667
16.7899 0.154933
16.8043 0.155267
16.8186 0.155633
16.8330 0.155967
16.8474 0.156333
16.8618 0.1567
16.8762 0.157133
16.8906 0.157567
16.9050 0.158
16.9194 0.1585
16.9337 0.158967
16.9481 0.159467
16.9625 0.16
16.9769 0.1606
16.9913 0.1611
17.0057 0.1617
17.0201 0.1623
17.0344 0.163
17.0488 0.1636
17.0632 0.164267
17.0776 0.165033
17.0920 0.165733
17.1064 0.166467
17.1208 0.167233
17.1352 0.168
17.1495 0.168833
17.1639 0.169667
17.1783 0.170533
17.1927 0.171433
17.2071 0.172267
17.2215 0.173267
17.2359 0.174167
17.2503 0.175167
17.2646 0.176167
17.2790 0.177167
17.2934 0.178233
17.3078 0.1793
17.3222 0.180433
17.3366 0.181567
17.3510 0.1827
17.3654 0.183867
17.3797 0.185067
17.3941 0.186367
17.4085 0.1876
17.4229 0.188867
17.4373 0.190233
17.4517 0.1916
17.4661 0.192967
17.4805 0.1944
17.4948 0.195833
17.5092 0.197367
17.5236 0.198867
17.5380 0.200367
17.5524 0.202
17.5668 0.2036
17.5812 0.205267
17.5956 0.207
17.6099 0.208733
17.6243 0.210433
17.6387 0.212233
17.6531 0.2141
17.6675 0.216
17.6819 0.217933
17.6963 0.219867
17.7106 0.221867
17.7250 0.223967
17.7394 0.226033
17.7538 0.2282
17.7682 0.230367
17.7826 0.232567
17.7970 0.234867
17.8114 0.237233
17.8257 0.2396
17.8401 0.242033
17.8545 0.244567
17.8689 0.247133
17.8833 0.2497
17.8977 0.252367
17.9121 0.255067
17.9265 0.257867
17.9408 0.2607
17.9552 0.263567
17.9696 0.266567
17.9840 0.269633
17.9984 0.2727
18.0128 0.2759
18.0272 0.2791
18.0416 0.282467
18.0559 0.285867
18.0703 0.2893
18.0847 0.292833
18.0991 0.296533
18.1135 0.300233
18.1279 0.304033
18.1423 0.307933
18.1567 0.3119
18.1710 0.315967
18.1854 0.320167
18.1998 0.324433
18.2142 0.328833
18.2286 0.333333
18.2430 0.337933
18.2574 0.3426
18.2717 0.347467
18.2861 0.3524
18.3005 0.357467
18.3149 0.362667
18.3293 0.368033
18.3437 0.373433
18.3581 0.379067
18.3725 0.384833
18.3868 0.3907
18.4012 0.396767
18.4156 0.403
18.4300 0.409367
18.4444 0.415933
18.4588 0.422667
18.4732 0.4296
18.4876 0.436667
18.5019 0.444
18.5163 0.451467
18.5307 0.4592
18.5451 0.4671
18.5595 0.475233
18.5739 0.483667
18.5883 0.4923
18.6027 0.5012
18.6170 0.510333
18.6314 0.519767
18.6458 0.529467
18.6602 0.5395
18.6746 0.549767
18.6890 0.5604
18.7034 0.571367
18.7178 0.5827
18.7321 0.594333
18.7465 0.6064
18.7609 0.618833
18.7753 0.6317
18.7897 0.644967
18.8041 0.6587
18.8185 0.672867
18.8328 0.687567
18.8472 0.702733
18.8616 0.718433
18.8760 0.7347
18.8904 0.751567
18.9048 0.769067
18.9192 0.787167
18.9336 0.805933
18.9479 0.825433
18.9623 0.8457
18.9767 0.8667
18.9911 0.888533
19.0055 0.911233
19.0199 0.934833
19.0343 0.9594
19.0487 0.985033
19.0630 1.01167
19.0774 1.03943
19.0918 1.06843
19.1062 1.09863
19.1206 1.1302
19.1350 1.1632
19.1494 1.1977
19.1638 1.23377
19.1781 1.27153
19.1925 1.31117
19.2069 1.35263
19.2213 1.39617
19.2357 1.44187
19.2501 1.48993
19.2645 1.54043
19.2789 1.59363
19.2932 1.64963
19.3076 1.70873
19.3220 1.77113
19.3364 1.83703
19.3508 1.90677
19.3652 1.9806
19.3796 2.0588
19.3940 2.14187
19.4083 2.2301
19.4227 2.32397
19.4371 2.42397
19.4515 2.53063
19.4659 2.64457
19.4803 2.76647
19.4947 2.89707
19.5090 3.03727
19.5234 3.18797
19.5378 3.3503
19.5522 3.52543
19.5666 3.71477
19.5810 3.91997
19.5954 4.1427
19.6098 4.38517
19.6241 4.6497
19.6385 4.93913
19.6529 5.25657
19.6673 5.60577
19.6817 5.99127
19.6961 6.41813
19.7105 6.8925
19.7249 7.42177
19.7392 8.0147
19.7536 8.6819
19.7680 9.4363
19.7824 10.2938
19.7968 11.2741
19.8112 12.4018
19.8256 13.7077
19.8400 15.2314
19.8543 17.0242
19.8687 19.153
19.8831 21.7069
19.8975 24.8063
19.9119 28.6174
19.9263 33.3737
19.9407 39.4122
19.9551 47.2321
19.9694 57.5966
19.9838 71.7152
19.9982 91.5871
20.0126 120.677
20.0270 165.321
20.0414 237.745
20.0558 362.407
20.0701 585.169
20.0845 947.461
20.0989 1251.06
20.1133 1063.09
20.1277 676.005
20.1421 414.144
20.1565 266.984
20.1709 182.809
20.1852 131.827
20.1996 99.1287
20.2140 77.0956
20.2284 61.6275
20.2428 50.3947
20.2572 42.0063
20.2716 35.5959
20.2860 30.603
20.3003 26.6544
20.3147 23.4944
20.3291 20.9451
20.3435 18.8807
20.3579 17.2128
20.3723 15.8806
20.3867 14.8457
20.4011 14.0901
20.4154 13.6174
20.4298 13.4581
20.4442 13.6832
20.4586 14.4301
20.4730 15.9582
20.4874 18.7673
20.5018 23.8523
20.5162 33.2067
20.5305 50.1411
20.5449 74.0834
20.5593 81.9499
20.5737 60.7441
20.5881 38.7988
20.6025 25.5624
20.6169 18.0592
20.6313 13.5962
20.6456 10.7642
20.6600 8.8568
20.6744 7.50517
20.6888 6.5059
20.7032 5.7406
20.7176 5.13693
20.7320 4.64887
20.7463 4.24587
20.7607 3.9072
20.7751 3.61827
20.7895 3.36847
20.8039 3.1502
20.8183 2.95753
20.8327 2.78607
20.8471 2.63233
20.8614 2.49357
20.8758 2.36763
20.8902 2.25277
20.9046 2.14747
20.9190 2.0506
20.9334 1.96113
20.9478 1.87827
20.9622 1.8012
20.9765 1.72943
20.9909 1.66237
21.0053 1.5996
21.0197 1.54067
21.0341 1.48523
21.0485 1.43307
21.0629 1.38387
21.0773 1.33733
21.0916 1.29333
21.1060 1.2516
21.1204 1.21203
21.1348 1.1744
21.1492 1.13863
21.1636 1.10463
21.1780 1.0722
21.1924 1.04123
21.2067 1.0117
21.2211 0.983433
21.2355 0.956433
21.2499 0.930533
21.2643 0.905733
21.2787 0.881967
21.2931 0.8592
21.3074 0.837333
21.3218 0.816267
21.3362 0.796067
21.3506 0.776667
21.3650 0.7579
21.3794 0.739933
21.3938 0.722533
21.4082 0.705833
21.4225 0.6897
21.4369 0.674067
21.4513 0.659067
21.4657 0.644533
21.4801 0.6305
21.4945 0.6169
21.5089 0.603833
21.5233 0.5911
21.5376 0.5788
21.5520 0.566933
21.5664 0.5554
21.5808 0.544233
21.5952 0.5334
21.6096 0.5229
21.6240 0.5127
21.6384 0.502867
21.6527 0.493267
21.6671 0.483933
21.6815 0.4749
21.6959 0.4661
21.7103 0.457567
21.7247 0.449267
21.7391 0.4412
21.7535 0.433333
21.7678 0.425667
21.7822 0.418267
21.7966 0.411
21.8110 0.403967
21.8254 0.3971
21.8398 0.3904
21.8542 0.3839
21.8685 0.377533
21.8829 0.371367
21.8973 0.3653
21.9117 0.359467
21.9261 0.3537
21.9405 0.348067
21.9549 0.3426
21.9693 0.337233
21.9836 0.332033
21.9980 0.326933
22.0124 0.321967
22.0268 0.3171
22.0412 0.312367
22.0556 0.307733
22.0700 0.303167
22.0844 0.298767
22.0987 0.294433
22.1131 0.2902
22.1275 0.286033
22.1419 0.282
22.1563 0.278
22.1707 0.274133
22.1851 0.270333
22.1995 0.266633
22.2138 0.262933
22.2282 0.2594
22.2426 0.2559
22.2570 0.252467
22.2714 0.249133
22.2858 0.245833
22.3002 0.2426
22.3146 0.239433
22.3289 0.236333
22.3433 0.233333
22.3577 0.230333
22.3721 0.2274
22.3865 0.224533
22.4009 0.221767
22.4153 0.219
22.4297 0.2163
22.4440 0.213667
22.4584 0.211033
22.4728 0.2085
22.4872 0.206
22.5016 0.203567
22.5160 0.2011
22.5304 0.198767
22.5447 0.196367
22.5591 0.194133
22.5735 0.1919
22.5879 0.189667
22.6023 0.1875
22.6167 0.185333
22.6311 0.183233
22.6455 0.181233
22.6598 0.1792
22.6742 0.1772
22.6886 0.175267
22.7030 0.173333
22.7174 0.1714
22.7318 0.169533
22.7462 0.167733
22.7606 0.165967
22.7749 0.164167
22.7893 0.1624
22.8037 0.160667
22.8181 0.159033
22.8325 0.157333
22.8469 0.1557
22.8613 0.154133
22.8757 0.1525
22.8900 0.150933
22.9044 0.149467
22.9188 0.1479
22.9332 0.1464
22.9476 0.145
22.9620 0.143533
22.9764 0.1421
22.9908 0.1407
23.0051 0.139367
23.0195 0.137967
23.0339 0.136633
23.0483 0.1353
23.0627 0.134033
23.0771 0.132767
23.0915 0.1315
23.1058 0.130267
23.1202 0.129
23.1346 0.1278
23.1490 0.126633
23.1634 0.125433
23.1778 0.124267
23.1922 0.123133
23.2066 0.122033
23.2209 0.120933
23.2353 0.119833
23.2497 0.1187
23.2641 0.117667
23.2785 0.116633
23.2929 0.1156
23.3073 0.114567
23.3217 0.113533
23.3360 0.112567
23.3504 0.1116
23.3648 0.110667
23.3792 0.1097
23.3936 0.108733
23.4080 0.107767
23.4224 0.1069
23.4368 0.106
23.4511 0.105033
23.4655 0.104167
23.4799 0.103333
23.4943 0.102467
23.5087 0.101567
23.5231 0.100767
23.5375 0.0999667
23.5519 0.0991333
23.5662 0.0983333
23.5806 0.0975333
23.5950 0.0967
23.6094 0.0959667
23.6238 0.0951667
23.6382 0.0944333
23.6526 0.0936667
23.6670 0.0929333
23.6813 0.0922
23.6957 0.0914667
23.7101 0.0907333
23.7245 0.0900667
23.7389 0.0893333
23.7533 0.0886667
23.7677 0.088
23.7820 0.0873333
23.7964 0.0866333
23.8108 0.086
23.8252 0.0853333
23.8396 0.0847
23.8540 0.0840333
23.8684 0.0834333
23.8828 0.0827667
23.8971 0.0821667
23.9115 0.0816
23.9259 0.081
23.9403 0.0804
23.9547 0.0798333
23.9691 0.0792333
23.9835 0.0786333
23.9979 0.0780667
24.0122 0.0775333
24.0266 0.0769667
24.0410 0.0764333
24.0554 0.0758333
24.0698 0.0753333
24.0842 0.0748
24.0986 0.0743
24.1130 0.0737
24.1273 0.0732333
24.1417 0.0727667
24.1561 0.0722333
24.1705 0.0717333
24.1849 0.0712
24.1993 0.0707667
24.2137 0.0702333
24.2281 0.0698
24.2424 0.0693
24.2568 0.0688333
24.2712 0.0683333
24.2856 0.0679
24.3000 0.0674667
24.3144 0.067
24.3288 0.0665667
24.3431 0.0661333
24.3575 0.0656667
24.3719 0.0652333
24.3863 0.0648
24.4007 0.0644333
24.4151 0.064
24.4295 0.0635333
24.4439 0.0631667
24.4582 0.0627333
24.4726 0.0623667
24.4870 0.0619333
24.5014 0.0615667
24.5158 0.0612
24.5302 0.0607667
24.5446 0.0603667
24.5590 0.06
24.5733 0.0596333
24.5877 0.0592667
24.6021 0.0589
24.6165 0.0585333
24.6309 0.0581667
24.6453 0.0578
24.6597 0.0574333
24.6741 0.0570667
24.6884 0.0567667
24.7028 0.0564
24.7172 0.0560333
24.7316 0.0557333
24.7460 0.0553667
24.7604 0.0550667
24.7748 0.0547
24.7892 0.0544
24.8035 0.0540333
24.8179 0.0537667
24.8323 0.0534667
24.8467 0.0531
24.8611 0.0528
24.8755 0.0525
24.8899 0.0522
24.9042 0.0519
24.9186 0.0515333
24.9330 0.0512333
24.9474 0.0509667
24.9618 0.0506667
24.9762 0.0503667
24.9906 0.0501333
25.0050 0.0498333
25.0193 0.0495333
25.0337 0.0492667
25.0481 0.0489667
25.0625 0.0486667
25.0769 0.0484333
25.0913 0.0481667
25.1057 0.0478667
25.1201 0.0476333
25.1344 0.0473333
25.1488 0.0471
25.1632 0.0468333
25.1776 0.0466
25.1920 0.0463
25.2064 0.0461
25.2208 0.0458
25.2352 0.0455667
25.2495 0.0452667
25.2639 0.0450667
25.2783 0.0448333
25.2927 0.0446
25.3071 0.0443333
25.3215 0.0441
25.3359 0.0438667
25.3503 0.0436667
25.3646 0.0434333
25.3790 0.0431333
25.3934 0.0429333
25.4078 0.0427
25.4222 0.0424667
25.4366 0.0422667
25.4510 0.0420333
25.4654 0.0418
25.4797 0.0416
25.4941 0.0413667
25.5085 0.0411333
25.5229 0.041
25.5373 0.0407667
25.5517 0.0405667
25.5661 0.0403333
25.5804 0.0401
25.5948 0.0399667
25.6092 0.0397333
25.6236 0.0395333
25.6380 0.0393
25.6524 0.0391333
25.6668 0.0389333
25.6812 0.0387
25.6955 0.0385667
25.7099 0.0383333
25.7243 0.0382
25.7387 0.0379667
25.7531 0.0377667
25.7675 0.0376
25.7819 0.0373667
25.7963 0.0372333
25.8106 0.037
25.8250 0.0368667
25.8394 0.0367
25.8538 0.0365
25.8682 0.0363333
25.8826 0.0361333
25.8970 0.0359667
25.9114 0.0358333
25.9257 0.0356
25.9401 0.0354667
25.9545 0.0353
25.9689 0.0351
25.9833 0.0349333
25.9977 0.0348
26.0121 0.0346333
26.0265 0.0345
26.0408 0.0342667
26.0552 0.0341333
26.0696 0.0339667
26.0840 0.0338333
26.0984 0.0336667
26.1128 0.0335333
26.1272 0.0333667
26.1415 0.0331667
26.1559 0.0330333
26.1703 0.0328667
26.1847 0.0327333
26.1991 0.0325667
26.2135 0.0324333
26.2279 0.0322667
26.2423 0.0321333
26.2566 0.0319667
26.2710 0.0318333
26.2854 0.0317
26.2998 0.0315333
26.3142 0.0314
26.3286 0.0313
26.3430 0.0311667
26.3574 0.0310333
26.3717 0.0308667
26.3861 0.0307333
26.4005 0.0305667
26.4149 0.0304333
26.4293 0.0303333
26.4437 0.0302
26.4581 0.0300667
26.4725 0.0299
26.4868 0.0297667
26.5012 0.0296667
26.5156 0.0295333
26.5300 0.0294
26.5444 0.0292333
26.5588 0.0291667
26.5732 0.0290333
26.5876 0.0288667
26.6019 0.0288
26.6163 0.0286333
26.6307 0.0285
26.6451 0.0284333
26.6595 0.0282667
26.6739 0.0281333
26.6883 0.0280667
26.7027 0.0279
26.7170 0.0278333
26.7314 0.0277
26.7458 0.0276
26.7602 0.0274667
26.7746 0.0273
26.7890 0.0272333
26.8034 0.0271
26.8177 0.027
26.8321 0.0268667
26.8465 0.0268
26.8609 0.0266333
26.8753 0.0265667
26.8897 0.0264333
26.9041 0.0263333
26.9185 0.0262
26.9328 0.0261333
26.9472 0.0260333
26.9616 0.0259
26.9760 0.0258333
26.9904 0.0256667
27.0048 0.0256
27.0192 0.0254667
27.0336 0.0254
27.0479 0.0253
27.0623 0.0251667
27.0767 0.0251
27.0911 0.025
27.1055 0.0248667
27.1199 0.0248
27.1343 0.0247
27.1487 0.0245667
27.1630 0.0245
27.1774 0.0244
27.1918 0.0242667
27.2062 0.0242
27.2206 0.0241333
27.2350 0.0240333
27.2494 0.0239
27.2638 0.0238333
27.2781 0.0237333
27.2925 0.0236667
27.3069 0.0235333
27.3213 0.0234667
27.3357 0.0233667
27.3501 0.0233
27.3645 0.0231667
27.3788 0.0230667
27.3932 0.023
27.4076 0.0229333
27.4220 0.0228667
27.4364 0.0227
27.4508 0.0226333
27.4652 0.0225667
27.4796 0.0224667
27.4939 0.0224
27.5083 0.0223333
27.5227 0.0222667
27.5371 0.0221
27.5515 0.0220333
27.5659 0.0219667
27.5803 0.0219
27.5947 0.0218
27.6090 0.0217333
27.6234 0.0216667
27.6378 0.0216
27.6522 0.0215
27.6666 0.0214333
27.6810 0.0213667
27.6954 0.0213
27.7098 0.0211333
27.7241 0.0210667
27.7385 0.021
27.7529 0.0209333
27.7673 0.0208333
27.7817 0.0207667
27.7961 0.0207
27.8105 0.0206333
27.8249 0.0205333
27.8392 0.0204667
27.8536 0.0204
27.8680 0.0203333
27.8824 0.0202333
27.8968 0.0201667
27.9112 0.0201
27.9256 0.0200333
27.9399 0.0199667
27.9543 0.0198667
27.9687 0.0198667
27.9831 0.0198
27.9975 0.0197333
28.0119 0.0196333
28.0263 0.0195667
28.0407 0.0195
28.0550 0.0194333
28.0694 0.0193667
28.0838 0.0192667
28.0982 0.0192
28.1126 0.0191333
28.1270 0.0190667
28.1414 0.0189667
28.1558 0.0189667
28.1701 0.0189
28.1845 0.0188333
28.1989 0.0187667
28.2133 0.0186667
28.2277 0.0186
28.2421 0.0185333
28.2565 0.0185333
28.2709 0.0184667
28.2852 0.0183667
28.2996 0.0183
28.3140 0.0182333
28.3284 0.0181667
28.3428 0.0181
28.3572 0.0180667
28.3716 0.018
28.3860 0.0179333
28.4003 0.0178667
28.4147 0.0178
28.4291 0.0177667
28.4435 0.0177
28.4579 0.0176333
28.4723 0.0175667
28.4867 0.0175
28.5011 0.0174667
28.5154 0.0174
28.5298 0.0173333
28.5442 0.0172667
28.5586 0.0172667
28.5730 0.0171667
28.5874 0.0171
28.6018 0.0170333
28.6161 0.0170333
28.6305 0.0169667
28.6449 0.0169
28.6593 0.0168
28.6737 0.0168
28.6881 0.0167333
28.7025 0.0166667
28.7169 0.0166
28.7312 0.0165667
28.7456 0.0165
28.7600 0.0164333
 
0.0000 7.20607
0.0144 7.20607
0.0288 7.20613
0.0432 7.20617
0.0575 7.2062
0.0719 7.20627
0.0863 7.20637
0.1007 7.20647
0.1151 7.20657
0.1295 7.2067
0.1439 7.2068
0.1583 7.207
0.1726 7.20713
0.1870 7.20733
0.2014 7.20753
0.2158 7.20773
0.2302 7.20797
0.2446 7.20823
0.2590 7.20847
0.2734 7.20877
0.2877 7.209
0.3021 7.20933
0.3165 7.20963
0.3309 7.20997
0.3453 7.21037
0.3597 7.2107
0.3741 7.2111
0.3885 7.21147
0.4028 7.21183
0.4172 7.21227
0.4316 7.21273
0.4460 7.2132
0.4604 7.21363
0.4748 7.21413
0.4892 7.2146
0.5036 7.2151
0.5179 7.21563
0.5323 7.2162
0.5467 7.21677
0.5611 7.2173
0.5755 7.2179
0.5899 7.2185
0.6043 7.2191
0.6186 7.2197
0.6330 7.2204
0.6474 7.22107
0.6618 7.2217
0.6762 7.22243
0.6906 7.2231
0.7050 7.2238
0.7194 7.22453
0.7337 7.2253
0.7481 7.2261
0.7625 7.22683
0.7769 7.22767
0.7913 7.22847
0.8057 7.22927
0.8201 7.2301
0.8345 7.23097
0.8488 7.23187
0.8632 7.23273
0.8776 7.23363
0.8920 7.23457
0.9064 7.2355
0.9208 7.23643
0.9352 7.2374
0.9496 7.23837
0.9639 7.23937
0.9783 7.24037
0.9927 7.2414
1.0071 7.24247
1.0215 7.2435
1.0359 7.24457
1.0503 7.24563
1.0647 7.24677
1.0790 7.24787
1.0934 7.24897
1.1078 7.25013
1.1222 7.25127
1.1366 7.2525
1.1510 7.25367
1.1654 7.2549
1.1798 7.2561
1.1941 7.25733
1.2085 7.2586
1.2229 7.25987
1.2373 7.26117
1.2517 7.26247
1.2661 7.2638
1.2805 7.2651
1.2948 7.26647
1.3092 7.26783
1.3236 7.2692
1.3380 7.27063
1.3524 7.27203
1.3668 7.27347
1.3812 7.27493
1.3956 7.2764
1.4099 7.27787
1.4243 7.27937
1.4387 7.28087
1.4531 7.2824
1.4675 7.28397
1.4819 7.28553
1.4963 7.2871
1.5107 7.28867
1.5250 7.29027
1.5394 7.29193
1.5538 7.2936
1.5682 7.29523
1.5826 7.2969
1.5970 7.2986
1.6114 7.3003
1.6258 7.302
1.6401 7.30377
1.6545 7.30553
1.6689 7.3073
1.6833 7.3091
1.6977 7.3109
1.7121 7.31273
1.7265 7.31457
1.7409 7.31643
1.7552 7.3183
1.7696 7.3202
1.7840 7.3221
1.7984 7.32407
1.8128 7.32597
1.8272 7.32793
1.8416 7.32993
1.8559 7.3319
1.8703 7.3339
1.8847 7.336
1.8991 7.338
1.9135 7.34007
1.9279 7.34217
1.9423 7.34427
1.9567 7.34637
1.9710 7.3485
1.9854 7.35067
1.9998 7.35283
2.0142 7.35503
2.0286 7.35723
2.0430 7.35943
2.0574 7.36173
2.0718 7.36393
2.0861 7.36623
2.1005 7.36853
2.1149 7.37083
2.1293 7.37313
2.1437 7.37553
2.1581 7.3779
2.1725 7.38027
2.1869 7.38267
2.2012 7.38513
2.2156 7.38757
2.2300 7.39
2.2444 7.39247
2.2588 7.39497
2.2732 7.3975
2.2876 7.40003
2.3020 7.4026
2.3163 7.4052
2.3307 7.40773
2.3451 7.41033
2.3595 7.41303
2.3739 7.41567
2.3883 7.41833
2.4027 7.421
2.4171 7.4237
2.4314 7.42643
2.4458 7.42923
2.4602 7.43197
2.4746 7.43477
2.4890 7.43757
2.5034 7.4404
2.5178 7.44323
2.5321 7.44607
2.5465 7.44897
2.5609 7.45187
2.5753 7.4548
2.5897 7.45773
2.6041 7.4607
2.6185 7.46367
2.6329 7.4667
2.6472 7.4697
2.6616 7.47273
2.6760 7.47587
2.6904 7.4789
2.7048 7.48203
2.7192 7.48513
2.7336 7.4883
2.7480 7.4915
2.7623 7.49463
2.7767 7.49787
2.7911 7.5011
2.8055 7.50433
2.8199 7.50763
2.8343 7.51097
2.8487 7.51423
2.8631 7.5176
2.8774 7.52097
2.8918 7.52433
2.9062 7.52777
2.9206 7.5312
2.9350 7.53463
2.9494 7.5381
2.9638 7.5416
2.9782 7.54513
2.9925 7.54867
3.0069 7.5522
3.0213 7.55583
3.0357 7.5594
3.0501 7.56303
3.0645 7.5667
3.0789 7.5704
3.0932 7.5741
3.1076 7.5778
3.1220 7.58153
3.1364 7.58537
3.1508 7.5891
3.1652 7.59297
3.1796 7.5968
3.1940 7.60063
3.2083 7.60457
3.2227 7.60843
3.2371 7.61237
3.2515 7.61633
3.2659 7.62037
3.2803 7.62437
3.2947 7.62837
3.3091 7.6325
3.3234 7.63653
3.3378 7.6407
3.3522 7.6448
3.3666 7.64897
3.3810 7.65313
3.3954 7.65737
3.4098 7.66163
3.4242 7.66587
3.4385 7.67013
3.4529 7.67447
3.4673 7.67883
3.4817 7.6832
3.4961 7.6876
3.5105 7.692
3.5249 7.69643
3.5393 7.70093
3.5536 7.70543
3.5680 7.70997
3.5824 7.71453
3.5968 7.7191
3.6112 7.72373
3.6256 7.7284
3.6400 7.73303
3.6543 7.73773
3.6687 7.74247
3.6831 7.7472
3.6975 7.75203
3.7119 7.7568
3.7263 7.76167
3.7407 7.76653
3.7551 7.77147
3.7694 7.7764
3.7838 7.78137
3.7982 7.7863
3.8126 7.79137
3.8270 7.7964
3.8414 7.80147
3.8558 7.8066
3.8702 7.8117
3.8845 7.8169
3.8989 7.82207
3.9133 7.82733
3.9277 7.83257
3.9421 7.8379
3.9565 7.84323
3.9709 7.8486
3.9853 7.85397
3.9996 7.8594
4.0140 7.86487
4.0284 7.87033
4.0428 7.87587
4.0572 7.8814
4.0716 7.88703
4.0860 7.89267
4.1004 7.89833
4.1147 7.904
4.1291 7.90973
4.1435 7.91547
4.1579 7.9213
4.1723 7.92713
4.1867 7.933
4.2011 7.93893
4.2155 7.94487
4.2298 7.9508
4.2442 7.95683
4.2586 7.9629
4.2730 7.969
4.2874 7.97507
4.3018 7.98127
4.3162 7.98743
4.3305 7.99367
4.3449 7.99997
4.3593 8.0063
4.3737 8.01263
4.3881 8.01907
4.4025 8.0255
4.4169 8.03193
4.4313 8.03843
4.4456 8.04497
4.4600 8.0516
4.4744 8.0582
4.4888 8.0649
4.5032 8.07163
4.5176 8.07837
4.5320 8.08517
4.5464 8.09197
4.5607 8.09887
4.5751 8.1058
4.5895 8.1128
4.6039 8.1198
4.6183 8.12687
4.6327 8.134
4.6471 8.1411
4.6615 8.1483
4.6758 8.15557
4.6902 8.16283
4.7046 8.17017
4.7190 8.17753
4.7334 8.18493
4.7478 8.1924
4.7622 8.19997
4.7766 8.20753
4.7909 8.21513
4.8053 8.2228
4.8197 8.23057
4.8341 8.23833
4.8485 8.2461
4.8629 8.25397
4.8773 8.2619
4.8916 8.26987
4.9060 8.2779
4.9204 8.286
4.9348 8.2941
4.9492 8.3023
4.9636 8.31053
4.9780 8.31887
4.9924 8.3272
5.0067 8.3356
5.0211 8.34403
5.0355 8.35253
5.0499 8.36113
5.0643 8.3698
5.0787 8.37847
5.0931 8.38723
5.1075 8.39603
5.1218 8.4049
5.1362 8.41387
5.1506 8.42283
5.1650 8.4319
5.1794 8.44107
5.1938 8.45023
5.2082 8.45947
5.2226 8.4688
5.2369 8.47817
5.2513 8.4876
5.2657 8.4971
5.2801 8.5067
5.2945 8.51633
5.3089 8.52607
5.3233 8.53583
5.3377 8.54573
5.3520 8.55567
5.3664 8.56567
5.3808 8.57573
5.3952 8.5859
5.4096 8.59613
5.4240 8.6064
5.4384 8.6168
5.4528 8.62723
5.4671 8.63773
5.4815 8.64837
5.4959 8.65903
5.5103 8.66983
5.5247 8.6807
5.5391 8.69163
5.5535 8.70267
5.5678 8.71377
5.5822 8.72497
5.5966 8.7362
5.6110 8.7476
5.6254 8.75903
5.6398 8.7706
5.6542 8.78223
5.6686 8.794
5.6829 8.8058
5.6973 8.81773
5.7117 8.82973
5.7261 8.84183
5.7405 8.85407
5.7549 8.86637
5.7693 8.8788
5.7837 8.8913
5.7980 8.90393
5.8124 8.91667
5.8268 8.92947
5.8412 8.94243
5.8556 8.9555
5.8700 8.96863
5.8844 8.98193
5.8988 8.99533
5.9131 9.00883
5.9275 9.02247
5.9419 9.0362
5.9563 9.05007
5.9707 9.06407
5.9851 9.0782
5.9995 9.09243
6.0139 9.1068
6.0282 9.1213
6.0426 9.13597
6.0570 9.15073
6.0714 9.16567
6.0858 9.1807
6.1002 9.1959
6.1146 9.21123
6.1289 9.22673
6.1433 9.24237
6.1577 9.25817
6.1721 9.27413
6.1865 9.29023
6.2009 9.30647
6.2153 9.3229
6.2297 9.33947
6.2440 9.35627
6.2584 9.37317
6.2728 9.39027
6.2872 9.40753
6.3016 9.425
6.3160 9.44263
6.3304 9.46047
6.3448 9.4785
6.3591 9.4967
6.3735 9.5151
6.3879 9.53373
6.4023 9.55253
6.4167 9.57157
6.4311 9.59083
6.4455 9.61027
6.4599 9.62993
6.4742 9.64987
6.4886 9.67
6.5030 9.69033
6.5174 9.71097
6.5318 9.73183
6.5462 9.75293
6.5606 9.7743
6.5750 9.79593
6.5893 9.8178
6.6037 9.84
6.6181 9.86243
6.6325 9.88517
6.6469 9.9082
6.6613 9.93153
6.6757 9.95517
6.6900 9.9791
6.7044 10.0034
6.7188 10.028
6.7332 10.0529
6.7476 10.0781
6.7620 10.1038
6.7764 10.1297
6.7908 10.1561
6.8051 10.1828
6.8195 10.21
6.8339 10.2375
6.8483 10.2654
6.8627 10.2938
6.8771 10.3226
6.8915 10.3518
6.9059 10.3815
6.9202 10.4116
6.9346 10.4423
6.9490 10.4734
6.9634 10.5051
6.9778 10.5372
6.9922 10.5699
7.0066 10.6032
7.0210 10.637
7.0353 10.6715
7.0497 10.7066
7.0641 10.7422
7.0785 10.7785
7.0929 10.8155
7.1073 10.8532
7.1217 10.8917
7.1361 10.9308
7.1504 10.9707
7.1648 11.0114
7.1792 11.053
7.1936 11.0953
7.2080 11.1386
7.2224 11.1828
7.2368 11.2279
7.2512 11.274
7.2655 11.3211
7.2799 11.3693
7.2943 11.4186
7.3087 11.469
7.3231 11.5206
7.3375 11.5735
7.3519 11.6277
7.3662 11.6832
7.3806 11.7401
7.3950 11.7985
7.4094 11.8585
7.4238 11.92
7.4382 11.9832
7.4526 12.0482
7.4670 12.1151
7.4813 12.1839
7.4957 12.2547
7.5101 12.3277
7.5245 12.4029
7.5389 12.4805
7.5533 12.5606
7.5677 12.6434
7.5821 12.7289
7.5964 12.8174
7.6108 12.909
7.6252 13.004
7.6396 13.1025
7.6540 13.2047
7.6684 13.3109
7.6828 13.4212
7.6972 13.5362
7.7115 13.656
7.7259 13.781
7.7403 13.9115
7.7547 14.0481
7.7691 14.191
7.7835 14.3409
7.7979 14.4983
7.8123 14.6638
7.8266 14.8382
7.8410 15.0221
7.8554 15.2166
7.8698 15.4225
7.8842 15.6409
7.8986 15.8732
7.9130 16.1207
7.9273 16.3852
7.9417 16.6684
7.9561 16.9726
7.9705 17.3003
7.9849 17.6545
7.9993 18.0386
8.0137 18.4567
8.0281 18.9138
8.0424 19.4156
8.0568 19.9692
8.0712 20.5833
8.0856 21.2685
8.1000 22.0379
8.1144 22.9083
8.1288 23.9009
8.1432 25.0429
8.1575 26.3702
8.1719 27.9302
8.1863 29.7868
8.2007 32.0265
8.2151 34.7674
8.2295 38.1659
8.2439 42.4101
8.2583 47.6354
8.2726 53.4982
8.2870 57.3528
8.3014 48.6397
8.3158 11.5615
8.3302 -27.1636
8.3446 -37.3973
8.3590 -33.9163
8.3734 -28.0564
8.3877 -22.7643
8.4021 -18.4533
8.4165 -14.9998
8.4309 -12.2153
8.4453 -9.94027
8.4597 -8.0546
8.4741 -6.46973
8.4885 -5.1206
8.5028 -3.9587
8.5172 -2.94767
8.5316 -2.0596
8.5460 -1.273
8.5604 -0.570967
8.5748 0.06
8.5892 0.630667
8.6035 1.14977
8.6179 1.6245
8.6323 2.06083
8.6467 2.4637
8.6611 2.83723
8.6755 3.185
8.6899 3.51
8.7043 3.8148
8.7186 4.10163
8.7330 4.37247
8.7474 4.6289
8.7618 4.87247
8.7762 5.10447
8.7906 5.32603
8.8050 5.53827
8.8194 5.742
8.8337 5.93807
8.8481 6.12727
8.8625 6.31017
8.8769 6.4875
8.8913 6.65977
8.9057 6.8275
8.9201 6.99113
8.9345 7.1512
8.9488 7.30803
8.9632 7.462
8.9776 7.61353
8.9920 7.763
9.0064 7.91067
9.0208 8.05683
9.0352 8.20187
9.0496 8.34603
9.0639 8.48967
9.0783 8.633
9.0927 8.77637
9.1071 8.92
9.1215 9.0643
9.1359 9.20943
9.1503 9.3558
9.1646 9.5037
9.1790 9.65343
9.1934 9.80537
9.2078 9.95987
9.2222 10.1173
9.2366 10.278
9.2510 10.4426
9.2654 10.6114
9.2797 10.7849
9.2941 10.9638
9.3085 11.1486
9.3229 11.3401
9.3373 11.5388
9.3517 11.7458
9.3661 11.9619
9.3805 12.1881
9.3948 12.4256
9.4092 12.6758
9.4236 12.9402
9.4380 13.2205
9.4524 13.5188
9.4668 13.8374
9.4812 14.1789
9.4956 14.5467
9.5099 14.9446
9.5243 15.377
9.5387 15.8494
9.5531 16.3684
9.5675 16.9421
9.5819 17.5806
9.5963 18.2962
9.6107 19.1048
9.6250 20.0266
9.6394 21.088
9.6538 22.3234
9.6682 23.7791
9.6826 25.5173
9.6970 27.6229
9.7114 30.2108
9.7257 33.4291
9.7401 37.4355
9.7545 42.2452
9.7689 47.0241
9.7833 47.3245
9.7977 29.8682
9.8121 -8.00187
9.8265 -30.1426
9.8408 -31.7559
9.8552 -27.2634
9.8696 -22.3518
9.8840 -18.1962
9.8984 -14.8511
9.9128 -12.1658
9.9272 -9.9873
9.9416 -8.1948
9.9559 -6.6986
9.9703 -5.43287
9.9847 -4.349
9.9991 -3.41063
10.0135 -2.5902
10.0279 -1.86657
10.0423 -1.22317
10.0567 -0.647067
10.0710 -0.127867
10.0854 0.342733
10.0998 0.771667
10.1142 1.1646
10.1286 1.52603
10.1430 1.85997
10.1574 2.16963
10.1718 2.45783
10.1861 2.72697
10.2005 2.97913
10.2149 3.21597
10.2293 3.43907
10.2437 3.64977
10.2581 3.84923
10.2725 4.0385
10.2869 4.21843
10.3012 4.3899
10.3156 4.55357
10.3300 4.71013
10.3444 4.86013
10.3588 5.00403
10.3732 5.14237
10.3876 5.27557
10.4019 5.4039
10.4163 5.52783
10.4307 5.6476
10.4451 5.76347
10.4595 5.87583
10.4739 5.9848
10.4883 6.09067
10.5027 6.19357
10.5170 6.2937
10.5314 6.3913
10.5458 6.4865
10.5602 6.5794
10.5746 6.67013
10.5890 6.75893
10.6034 6.8458
10.6178 6.93087
10.6321 7.01427
10.6465 7.09613
10.6609 7.17647
10.6753 7.2554
10.6897 7.333
10.7041 7.40937
10.7185 7.48453
10.7329 7.5586
10.7472 7.63157
10.7616 7.7036
10.7760 7.77467
10.7904 7.8448
10.8048 7.91413
10.8192 7.9827
10.8336 8.0505
10.8480 8.11757
10.8623 8.18397
10.8767 8.24977
10.8911 8.31497
10.9055 8.37963
10.9199 8.44377
10.9343 8.50743
10.9487 8.57063
10.9630 8.6334
10.9774 8.69577
10.9918 8.75777
11.0062 8.81943
11.0206 8.88077
11.0350 8.94183
11.0494 9.00263
11.0638 9.06313
11.0781 9.12343
11.0925 9.18353
11.1069 9.2435
11.1213 9.30327
11.1357 9.3629
11.1501 9.4224
11.1645 9.48183
11.1789 9.54113
11.1932 9.6004
11.2076 9.6596
11.2220 9.7188
11.2364 9.778
11.2508 9.83717
11.2652 9.89633
11.2796 9.95557
11.2940 10.0149
11.3083 10.0742
11.3227 10.1337
11.3371 10.1932
11.3515 10.2528
11.3659 10.3126
11.3803 10.3725
11.3947 10.4326
11.4091 10.4928
11.4234 10.5533
11.4378 10.6139
11.4522 10.6747
11.4666 10.7358
11.4810 10.7972
11.4954 10.8588
11.5098 10.9206
11.5242 10.9828
11.5385 11.0453
11.5529 11.108
11.5673 11.1712
11.5817 11.2346
11.5961 11.2985
11.6105 11.3627
11.6249 11.4272
11.6392 11.4923
11.6536 11.5577
11.6680 11.6236
11.6824 11.6899
11.6968 11.7567
11.7112 11.824
11.7256 11.8918
11.7400 11.9601
11.7543 12.029
11.7687 12.0984
11.7831 12.1684
11.7975 12.239
11.8119 12.3102
11.8263 12.382
11.8407 12.4545
11.8551 12.5276
11.8694 12.6015
11.8838 12.676
11.8982 12.7513
11.9126 12.8273
11.9270 12.9041
11.9414 12.9817
11.9558 13.0601
11.9702 13.1394
11.9845 13.2195
11.9989 13.3005
12.0133 13.3824
12.0277 13.4653
12.0421 13.5491
12.0565 13.6339
12.0709 13.7198
12.0853 13.8067
12.0996 13.8947
12.1140 13.9838
12.1284 14.074
12.1428 14.1654
12.1572 14.2581
12.1716 14.3519
12.1860 14.4471
12.2003 14.5436
12.2147 14.6414
12.2291 14.7407
12.2435 14.8413
12.2579 14.9435
12.2723 15.0472
12.2867 15.1525
12.3011 15.2593
12.3154 15.3679
12.3298 15.4781
12.3442 15.5902
12.3586 15.704
12.3730 15.8198
12.3874 15.9374
12.4018 16.0572
12.4162 16.1789
12.4305 16.3028
12.4449 16.4289
12.4593 16.5572
12.4737 16.6879
12.4881 16.821
12.5025 16.9567
12.5169 17.0949
12.5313 17.2358
12.5456 17.3795
12.5600 17.5261
12.5744 17.6756
12.5888 17.8282
12.6032 17.984
12.6176 18.1431
12.6320 18.3056
12.6464 18.4717
12.6607 18.6414
12.6751 18.815
12.6895 18.9926
12.7039 19.1743
12.7183 19.3603
12.7327 19.5508
12.7471 19.746
12.7614 19.946
12.7758 20.151
12.7902 20.3613
12.8046 20.577
12.8190 20.7986
12.8334 21.0261
12.8478 21.2598
12.8622 21.5001
12.8765 21.7473
12.8909 22.0016
12.9053 22.2634
12.9197 22.5331
12.9341 22.8111
12.9485 23.0978
12.9629 23.3936
12.9773 23.6991
12.9916 24.0146
13.0060 24.3409
13.0204 24.6784
13.0348 25.0278
13.0492 25.3898
13.0636 25.7652
13.0780 26.1547
13.0924 26.5592
13.1067 26.9797
13.1211 27.4171
13.1355 27.8726
13.1499 28.3474
13.1643 28.8429
13.1787 29.3604
13.1931 29.9016
13.2075 30.4682
13.2218 31.0623
13.2362 31.6858
13.2506 32.3413
13.2650 33.0313
13.2794 33.7587
13.2938 34.527
13.3082 35.3398
13.3226 36.2013
13.3369 37.1162
13.3513 38.0899
13.3657 39.1284
13.3801 40.2389
13.3945 41.4294
13.4089 42.7093
13.4233 44.0894
13.4376 45.5825
13.4520 47.2037
13.4664 48.9707
13.4808 50.9051
13.4952 53.0324
13.5096 55.3841
13.5240 57.9986
13.5384 60.9239
13.5527 64.2198
13.5671 67.9627
13.5815 72.2509
13.5959 77.2126
13.6103 83.018
13.6247 89.8953
13.6391 98.154
13.6535 108.215
13.6678 120.637
13.6822 136.094
13.6966 155.084
13.7110 176.449
13.7254 191.024
13.7398 161.844
13.7542 31.5512
13.7686 -108
13.7829 -145.643
13.7973 -132.96
13.8117 -111.297
13.8261 -91.513
13.8405 -75.1542
13.8549 -61.779
13.8693 -50.6965
13.8837 -41.3153
13.8980 -33.1793
13.9124 -25.9412
13.9268 -19.3299
13.9412 -13.1244
13.9556 -7.13327
13.9700 -1.17703
13.9844 4.9271
13.9987 11.3817
14.0131 18.4278
14.0275 26.3661
14.0419 35.5746
14.0563 46.4878
14.0707 59.385
14.0851 73.336
14.0995 81.7492
14.1138 59.5408
14.1282 -24.3902
14.1426 -102.481
14.1570 -119.447
14.1714 -110.065
14.1858 -96.6378
14.2002 -84.6844
14.2146 -74.897
14.2289 -66.9711
14.2433 -60.4968
14.2577 -55.1339
14.2721 -50.6262
14.2865 -46.7848
14.3009 -43.4704
14.3153 -40.5788
14.3297 -38.0313
14.3440 -35.7674
14.3584 -33.74
14.3728 -31.912
14.3872 -30.2536
14.4016 -28.7409
14.4160 -27.3542
14.4304 -26.0774
14.4448 -24.8969
14.4591 -23.8017
14.4735 -22.7819
14.4879 -21.8296
14.5023 -20.9376
14.5167 -20.1001
14.5311 -19.3118
14.5455 -18.568
14.5599 -17.8649
14.5742 -17.1989
14.5886 -16.5668
14.6030 -15.966
14.6174 -15.394
14.6318 -14.8485
14.6462 -14.3276
14.6606 -13.8295
14.6749 -13.3526
14.6893 -12.8954
14.7037 -12.4567
14.7181 -12.0352
14.7325 -11.6298
14.7469 -11.2395
14.7613 -10.8634
14.7757 -10.5006
14.7900 -10.1504
14.8044 -9.8121
14.8188 -9.48493
14.8332 -9.16837
14.8476 -8.8618
14.8620 -8.5647
14.8764 -8.2766
14.8908 -7.99703
14.9051 -7.72557
14.9195 -7.46177
14.9339 -7.20533
14.9483 -6.9559
14.9627 -6.71307
14.9771 -6.47663
14.9915 -6.24623
15.0059 -6.02167
15.0202 -5.8026
15.0346 -5.5888
15.0490 -5.38013
15.0634 -5.17627
15.0778 -4.97707
15.0922 -4.78233
15.1066 -4.5919
15.1210 -4.40553
15.1353 -4.22317
15.1497 -4.04457
15.1641 -3.8696
15.1785 -3.69813
15.1929 -3.53003
15.2073 -3.3652
15.2217 -3.20347
15.2360 -3.0448
15.2504 -2.889
15.2648 -2.736
15.2792 -2.5857
15.2936 -2.438
15.3080 -2.2928
15.3224 -2.15003
15.3368 -2.0096
15.3511 -1.87143
15.3655 -1.73543
15.3799 -1.6016
15.3943 -1.46973
15.4087 -1.3399
15.4231 -1.21197
15.4375 -1.08583
15.4519 -0.9615
15.4662 -0.838933
15.4806 -0.718033
15.4950 -0.5987
15.5094 -0.480967
15.5238 -0.364767
15.5382 -0.25
15.5526 -0.1367
15.5670 -0.0247333
15.5813 0.0858667
15.5957 0.1952
15.6101 0.303233
15.6245 0.410133
15.6389 0.5158
15.6533 0.6203
15.6677 0.723733
15.6821 0.8261
15.6964 0.9274
15.7108 1.0277
15.7252 1.12703
15.7396 1.22543
15.7540 1.3229
15.7684 1.41947
15.7828 1.51523
15.7971 1.6101
15.8115 1.70417
15.8259 1.79743
15.8403 1.89
15.8547 1.9818
15.8691 2.0729
15.8835 2.16327
15.8979 2.253
15.9122 2.3421
15.9266 2.43057
15.9410 2.5184
15.9554 2.60567
15.9698 2.6924
15.9842 2.77857
15.9986 2.8642
16.0130 2.94933
16.0273 3.03397
16.0417 3.11813
16.0561 3.20183
16.0705 3.28507
16.0849 3.3679
16.0993 3.45033
16.1137 3.53237
16.1281 3.614
16.1424 3.6953
16.1568 3.77623
16.1712 3.85683
16.1856 3.93717
16.2000 4.01713
16.2144 4.0968
16.2288 4.17623
16.2432 4.25537
16.2575 4.33423
16.2719 4.41293
16.2863 4.4913
16.3007 4.56957
16.3151 4.64753
16.3295 4.72537
16.3439 4.803
16.3583 4.88047
16.3726 4.9578
16.3870 5.03493
16.4014 5.11197
16.4158 5.18893
16.4302 5.2657
16.4446 5.34237
16.4590 5.419
16.4733 5.49557
16.4877 5.57203
16.5021 5.64843
16.5165 5.72483
16.5309 5.8011
16.5453 5.87743
16.5597 5.9537
16.5741 6.03
16.5884 6.10627
16.6028 6.18257
16.6172 6.2589
16.6316 6.3353
16.6460 6.41163
16.6604 6.4881
16.6748 6.56463
16.6892 6.64127
16.7035 6.71793
16.7179 6.7947
16.7323 6.87157
16.7467 6.94857
16.7611 7.0257
16.7755 7.1029
16.7899 7.18027
16.8043 7.2578
16.8186 7.33553
16.8330 7.41343
16.8474 7.49143
16.8618 7.56967
16.8762 7.64813
16.8906 7.7268
16.9050 7.80567
16.9194 7.88477
16.9337 7.9641
16.9481 8.0437
16.9625 8.12357
16.9769 8.20367
16.9913 8.2841
17.0057 8.3648
17.0201 8.4458
17.0344 8.5271
17.0488 8.60873
17.0632 8.6907
17.0776 8.77303
17.0920 8.8557
17.1064 8.9387
17.1208 9.02213
17.1352 9.10593
17.1495 9.19013
17.1639 9.27473
17.1783 9.35977
17.1927 9.44523
17.2071 9.53113
17.2215 9.6175
17.2359 9.70437
17.2503 9.79167
17.2646 9.8795
17.2790 9.9678
17.2934 10.0566
17.3078 10.146
17.3222 10.2359
17.3366 10.3264
17.3510 10.4174
17.3654 10.5091
17.3797 10.6013
17.3941 10.6941
17.4085 10.7876
17.4229 10.8817
17.4373 10.9764
17.4517 11.0719
17.4661 11.168
17.4805 11.2648
17.4948 11.3624
17.5092 11.4607
17.5236 11.5597
17.5380 11.6595
17.5524 11.76
17.5668 11.8614
17.5812 11.9636
17.5956 12.0666
17.6099 12.1706
17.6243 12.2753
17.6387 12.3809
17.6531 12.4875
17.6675 12.595
17.6819 12.7034
17.6963 12.8129
17.7106 12.9233
17.7250 13.0347
17.7394 13.1472
17.7538 13.2607
17.7682 13.3753
17.7826 13.491
17.7970 13.6079
17.8114 13.7259
17.8257 13.845
17.8401 13.9654
17.8545 14.087
17.8689 14.2099
17.8833 14.3341
17.8977 14.4595
17.9121 14.5863
17.9265 14.7145
17.9408 14.8441
17.9552 14.9751
17.9696 15.1077
17.9840 15.2416
17.9984 15.3772
18.0128 15.5143
18.0272 15.653
18.0416 15.7933
18.0559 15.9353
18.0703 16.079
18.0847 16.2245
18.0991 16.3718
18.1135 16.5209
18.1279 16.6719
18.1423 16.8249
18.1567 16.9797
18.1710 17.1366
18.1854 17.2956
18.1998 17.4567
18.2142 17.6199
18.2286 17.7854
18.2430 17.9531
18.2574 18.1232
18.2717 18.2956
18.2861 18.4705
18.3005 18.6478
18.3149 18.8278
18.3293 19.0104
18.3437 19.1956
18.3581 19.3837
18.3725 19.5746
18.3868 19.7683
18.4012 19.9651
18.4156 20.1649
18.4300 20.3679
18.4444 20.5741
18.4588 20.7836
18.4732 20.9965
18.4876 21.213
18.5019 21.433
18.5163 21.6567
18.5307 21.8842
18.5451 22.1156
18.5595 22.351
18.5739 22.5906
18.5883 22.8344
18.6027 23.0826
18.6170 23.3353
18.6314 23.5927
18.6458 23.8547
18.6602 24.1218
18.6746 24.3939
18.6890 24.6712
18.7034 24.9539
18.7178 25.2421
18.7321 25.5362
18.7465 25.8361
18.7609 26.1421
18.7753 26.4544
18.7897 26.7733
18.8041 27.0989
18.8185 27.4315
18.8328 27.7712
18.8472 28.1184
18.8616 28.4733
18.8760 28.8362
18.8904 29.2074
18.9048 29.5871
18.9192 29.9757
18.9336 30.3735
18.9479 30.7808
18.9623 31.198
18.9767 31.6255
18.9911 32.0638
19.0055 32.513
19.0199 32.9739
19.0343 33.4468
19.0487 33.9322
19.0630 34.4305
19.0774 34.9425
19.0918 35.4686
19.1062 36.0095
19.1206 36.5657
19.1350 37.138
19.1494 37.7272
19.1638 38.3338
19.1781 38.959
19.1925 39.6033
19.2069 40.2679
19.2213 40.9535
19.2357 41.6615
19.2501 42.3927
19.2645 43.1484
19.2789 43.93
19.2932 44.7388
19.3076 45.5761
19.3220 46.4437
19.3364 47.3431
19.3508 48.2762
19.3652 49.2451
19.3796 50.2517
19.3940 51.2983
19.4083 52.3874
19.4227 53.5218
19.4371 54.7042
19.4515 55.9379
19.4659 57.2263
19.4803 58.5732
19.4947 59.9826
19.5090 61.459
19.5234 63.0075
19.5378 64.6334
19.5522 66.3428
19.5666 68.1422
19.5810 70.039
19.5954 72.0414
19.6098 74.1586
19.6241 76.4007
19.6385 78.7791
19.6529 81.3068
19.6673 83.9982
19.6817 86.87
19.6961 89.9407
19.7105 93.2321
19.7249 96.7686
19.7392 100.579
19.7536 104.695
19.7680 109.157
19.7824 114.01
19.7968 119.306
19.8112 125.109
19.8256 131.495
19.8400 138.557
19.8543 146.405
19.8687 155.178
19.8831 165.047
19.8975 176.226
19.9119 188.989
19.9263 203.688
19.9407 220.784
19.9551 240.885
19.9694 264.81
19.9838 293.669
19.9982 328.973
20.0126 372.738
20.0270 427.434
20.0414 495.069
20.0558 572.425
20.0701 630.321
20.0845 545.315
20.0989 93.8055
20.1133 -450.975
20.1277 -623.012
20.1421 -586.722
20.1565 -509.651
20.1709 -438.287
20.1852 -379.873
20.1996 -333.082
20.2140 -295.408
20.2284 -264.678
20.2428 -239.242
20.2572 -217.882
20.2716 -199.703
20.2860 -184.037
20.3003 -170.378
20.3147 -158.341
20.3291 -147.622
20.3435 -137.98
20.3579 -129.218
20.3723 -121.17
20.3867 -113.694
20.4011 -106.661
20.4154 -99.9478
20.4298 -93.4305
20.4442 -86.9748
20.4586 -80.4273
20.4730 -73.6092
20.4874 -66.3308
20.5018 -58.5047
20.5162 -50.6905
20.5305 -46.3065
20.5449 -56.8492
20.5593 -89.7801
20.5737 -112.749
20.5881 -114.082
20.6025 -108.015
20.6169 -101.238
20.6313 -95.2368
20.6456 -90.1319
20.6600 -85.7804
20.6744 -82.0241
20.6888 -78.7348
20.7032 -75.8163
20.7176 -73.1967
20.7320 -70.8223
20.7463 -68.6521
20.7607 -66.6546
20.7751 -64.8049
20.7895 -63.0834
20.8039 -61.4741
20.8183 -59.9638
20.8327 -58.5417
20.8471 -57.1988
20.8614 -55.9272
20.8758 -54.7204
20.8902 -53.5726
20.9046 -52.4789
20.9190 -51.435
20.9334 -50.4371
20.9478 -49.4816
20.9622 -48.5657
20.9765 -47.6866
20.9909 -46.8418
21.0053 -46.0292
21.0197 -45.2468
21.0341 -44.4927
21.0485 -43.7653
21.0629 -43.0631
21.0773 -42.3846
21.0916 -41.7287
21.1060 -41.094
21.1204 -40.4795
21.1348 -39.8843
21.1492 -39.3073
21.1636 -38.7476
21.1780 -38.2045
21.1924 -37.6772
21.2067 -37.1649
21.2211 -36.667
21.2355 -36.1829
21.2499 -35.712
21.2643 -35.2536
21.2787 -34.8074
21.2931 -34.3728
21.3074 -33.9493
21.3218 -33.5365
21.3362 -33.134
21.3506 -32.7413
21.3650 -32.3582
21.3794 -31.9842
21.3938 -31.6191
21.4082 -31.2624
21.4225 -30.9139
21.4369 -30.5734
21.4513 -30.2405
21.4657 -29.915
21.4801 -29.5965
21.4945 -29.285
21.5089 -28.9801
21.5233 -28.6817
21.5376 -28.3895
21.5520 -28.1033
21.5664 -27.823
21.5808 -27.5483
21.5952 -27.2792
21.6096 -27.0153
21.6240 -26.7566
21.6384 -26.5029
21.6527 -26.2541
21.6671 -26.01
21.6815 -25.7705
21.6959 -25.5354
21.7103 -25.3047
21.7247 -25.0782
21.7391 -24.8557
21.7535 -24.6372
21.7678 -24.4226
21.7822 -24.2117
21.7966 -24.0046
21.8110 -23.801
21.8254 -23.6008
21.8398 -23.4041
21.8542 -23.2106
21.8685 -23.0204
21.8829 -22.8332
21.8973 -22.6492
21.9117 -22.4681
21.9261 -22.2899
21.9405 -22.1146
21.9549 -21.942
21.9693 -21.7722
21.9836 -21.6049
21.9980 -21.4402
22.0124 -21.2781
22.0268 -21.1184
22.0412 -20.9611
22.0556 -20.8061
22.0700 -20.6535
22.0844 -20.5031
22.0987 -20.3548
22.1131 -20.2087
22.1275 -20.0647
22.1419 -19.9228
22.1563 -19.7828
22.1707 -19.6449
22.1851 -19.5088
22.1995 -19.3746
22.2138 -19.2423
22.2282 -19.1117
22.2426 -18.983
22.2570 -18.8559
22.2714 -18.7306
22.2858 -18.6069
22.3002 -18.4848
22.3146 -18.3643
22.3289 -18.2455
22.3433 -18.1281
22.3577 -18.0122
22.3721 -17.8978
22.3865 -17.7848
22.4009 -17.6733
22.4153 -17.5631
22.4297 -17.4543
22.4440 -17.3469
22.4584 -17.2407
22.4728 -17.1359
22.4872 -17.0323
22.5016 -16.93
22.5160 -16.8288
22.5304 -16.7289
22.5447 -16.6302
22.5591 -16.5325
22.5735 -16.4361
22.5879 -16.3407
22.6023 -16.2464
22.6167 -16.1533
22.6311 -16.0611
22.6455 -15.9701
22.6598 -15.88
22.6742 -15.7909
22.6886 -15.7028
22.7030 -15.6157
22.7174 -15.5296
22.7318 -15.4443
22.7462 -15.3601
22.7606 -15.2766
22.7749 -15.1942
22.7893 -15.1125
22.8037 -15.0318
22.8181 -14.9519
22.8325 -14.8728
22.8469 -14.7945
22.8613 -14.7171
22.8757 -14.6405
22.8900 -14.5646
22.9044 -14.4895
22.9188 -14.4152
22.9332 -14.3416
22.9476 -14.2688
22.9620 -14.1967
22.9764 -14.1253
22.9908 -14.0546
23.0051 -13.9846
23.0195 -13.9153
23.0339 -13.8467
23.0483 -13.7787
23.0627 -13.7114
23.0771 -13.6447
23.0915 -13.5786
23.1058 -13.5132
23.1202 -13.4484
23.1346 -13.3842
23.1490 -13.3206
23.1634 -13.2576
23.1778 -13.1952
23.1922 -13.1333
23.2066 -13.0721
23.2209 -13.0114
23.2353 -12.9512
23.2497 -12.8915
23.2641 -12.8325
23.2785 -12.7739
23.2929 -12.7158
23.3073 -12.6583
23.3217 -12.6013
23.3360 -12.5448
23.3504 -12.4887
23.3648 -12.4332
23.3792 -12.3781
23.3936 -12.3236
23.4080 -12.2694
23.4224 -12.2157
23.4368 -12.1626
23.4511 -12.1098
23.4655 -12.0575
23.4799 -12.0056
23.4943 -11.9542
23.5087 -11.9032
23.5231 -11.8526
23.5375 -11.8024
23.5519 -11.7527
23.5662 -11.7033
23.5806 -11.6543
23.5950 -11.6058
23.6094 -11.5576
23.6238 -11.5098
23.6382 -11.4625
23.6526 -11.4155
23.6670 -11.3688
23.6813 -11.3225
23.6957 -11.2766
23.7101 -11.2311
23.7245 -11.1859
23.7389 -11.141
23.7533 -11.0965
23.7677 -11.0524
23.7820 -11.0086
23.7964 -10.9651
23.8108 -10.9219
23.8252 -10.8791
23.8396 -10.8366
23.8540 -10.7944
23.8684 -10.7526
23.8828 -10.711
23.8971 -10.6698
23.9115 -10.6288
23.9259 -10.5882
23.9403 -10.5479
23.9547 -10.5078
23.9691 -10.4681
23.9835 -10.4286
23.9979 -10.3894
24.0122 -10.3505
24.0266 -10.3119
24.0410 -10.2736
24.0554 -10.2355
24.0698 -10.1977
24.0842 -10.1602
24.0986 -10.1229
24.1130 -10.0859
24.1273 -10.0492
24.1417 -10.0127
24.1561 -9.97647
24.1705 -9.9405
24.1849 -9.9048
24.1993 -9.8693
24.2137 -9.83403
24.2281 -9.79903
24.2424 -9.7643
24.2568 -9.72977
24.2712 -9.69543
24.2856 -9.6614
24.3000 -9.62757
24.3144 -9.59393
24.3288 -9.56053
24.3431 -9.52737
24.3575 -9.49443
24.3719 -9.4617
24.3863 -9.42917
24.4007 -9.3969
24.4151 -9.3648
24.4295 -9.3329
24.4439 -9.30123
24.4582 -9.26977
24.4726 -9.23847
24.4870 -9.2074
24.5014 -9.17653
24.5158 -9.14587
24.5302 -9.11537
24.5446 -9.08507
24.5590 -9.055
24.5733 -9.02507
24.5877 -8.9954
24.6021 -8.96587
24.6165 -8.9365
24.6309 -8.90733
24.6453 -8.8783
24.6597 -8.84953
24.6741 -8.82087
24.6884 -8.79247
24.7028 -8.76413
24.7172 -8.73607
24.7316 -8.70807
24.7460 -8.6803
24.7604 -8.6527
24.7748 -8.62527
24.7892 -8.598
24.8035 -8.5709
24.8179 -8.54393
24.8323 -8.51713
24.8467 -8.4905
24.8611 -8.46407
24.8755 -8.4377
24.8899 -8.41157
24.9042 -8.38557
24.9186 -8.3597
24.9330 -8.33397
24.9474 -8.3084
24.9618 -8.283
24.9762 -8.25773
24.9906 -8.2326
25.0050 -8.2076
25.0193 -8.1828
25.0337 -8.1581
25.0481 -8.13353
25.0625 -8.1091
25.0769 -8.08487
25.0913 -8.06073
25.1057 -8.0367
25.1201 -8.0128
25.1344 -7.9891
25.1488 -7.96547
25.1632 -7.94197
25.1776 -7.91863
25.1920 -7.89543
25.2064 -7.87233
25.2208 -7.84937
25.2352 -7.82653
25.2495 -7.80377
25.2639 -7.78117
25.2783 -7.75873
25.2927 -7.73643
25.3071 -7.7142
25.3215 -7.69203
25.3359 -7.6701
25.3503 -7.6482
25.3646 -7.62643
25.3790 -7.6048
25.3934 -7.58327
25.4078 -7.56187
25.4222 -7.54053
25.4366 -7.51933
25.4510 -7.4983
25.4654 -7.4773
25.4797 -7.45647
25.4941 -7.43573
25.5085 -7.41503
25.5229 -7.3945
25.5373 -7.3741
25.5517 -7.3538
25.5661 -7.33357
25.5804 -7.31347
25.5948 -7.29343
25.6092 -7.2735
25.6236 -7.2537
25.6380 -7.234
25.6524 -7.2144
25.6668 -7.19483
25.6812 -7.17547
25.6955 -7.15613
25.7099 -7.13693
25.7243 -7.1178
25.7387 -7.09873
25.7531 -7.07983
25.7675 -7.06097
25.7819 -7.04223
25.7963 -7.02353
25.8106 -7.005
25.8250 -6.98653
25.8394 -6.96813
25.8538 -6.9498
25.8682 -6.93163
25.8826 -6.91353
25.8970 -6.89547
25.9114 -6.87757
25.9257 -6.8597
25.9401 -6.8419
25.9545 -6.82423
25.9689 -6.8066
25.9833 -6.78907
25.9977 -6.77163
26.0121 -6.75427
26.0265 -6.73703
26.0408 -6.71987
26.0552 -6.70273
26.0696 -6.68573
26.0840 -6.66873
26.0984 -6.6519
26.1128 -6.6351
26.1272 -6.61837
26.1415 -6.60173
26.1559 -6.5852
26.1703 -6.56873
26.1847 -6.5523
26.1991 -6.53593
26.2135 -6.5197
26.2279 -6.5035
26.2423 -6.4874
26.2566 -6.47137
26.2710 -6.45543
26.2854 -6.43953
26.2998 -6.4237
26.3142 -6.40793
26.3286 -6.39227
26.3430 -6.3767
26.3574 -6.3611
26.3717 -6.34567
26.3861 -6.33027
26.4005 -6.31497
26.4149 -6.29967
26.4293 -6.2845
26.4437 -6.2694
26.4581 -6.25433
26.4725 -6.23933
26.4868 -6.22437
26.5012 -6.2095
26.5156 -6.19473
26.5300 -6.17997
26.5444 -6.16533
26.5588 -6.15073
26.5732 -6.13617
26.5876 -6.1217
26.6019 -6.10727
26.6163 -6.0929
26.6307 -6.07863
26.6451 -6.0644
26.6595 -6.05023
26.6739 -6.03613
26.6883 -6.02203
26.7027 -6.00807
26.7170 -5.99413
26.7314 -5.98023
26.7458 -5.96643
26.7602 -5.95267
26.7746 -5.93897
26.7890 -5.92533
26.8034 -5.91173
26.8177 -5.89823
26.8321 -5.88473
26.8465 -5.87133
26.8609 -5.85797
26.8753 -5.84467
26.8897 -5.83143
26.9041 -5.81823
26.9185 -5.8051
26.9328 -5.792
26.9472 -5.77897
26.9616 -5.76597
26.9760 -5.75307
26.9904 -5.7402
27.0048 -5.72733
27.0192 -5.71457
27.0336 -5.70187
27.0479 -5.6892
27.0623 -5.67657
27.0767 -5.664
27.0911 -5.6515
27.1055 -5.63903
27.1199 -5.6266
27.1343 -5.61423
27.1487 -5.60193
27.1630 -5.58963
27.1774 -5.57743
27.1918 -5.56527
27.2062 -5.55313
27.2206 -5.54107
27.2350 -5.52903
27.2494 -5.51707
27.2638 -5.5051
27.2781 -5.49323
27.2925 -5.4814
27.3069 -5.4696
27.3213 -5.45783
27.3357 -5.44613
27.3501 -5.43447
27.3645 -5.42287
27.3788 -5.4113
27.3932 -5.39977
27.4076 -5.3883
27.4220 -5.37687
27.4364 -5.36543
27.4508 -5.3541
27.4652 -5.3428
27.4796 -5.33153
27.4939 -5.32033
27.5083 -5.30913
27.5227 -5.298
27.5371 -5.2869
27.5515 -5.27587
27.5659 -5.26483
27.5803 -5.2539
27.5947 -5.24293
27.6090 -5.23207
27.6234 -5.2212
27.6378 -5.2104
27.6522 -5.19967
27.6666 -5.18893
27.6810 -5.17823
27.6954 -5.16757
27.7098 -5.15697
27.7241 -5.14643
27.7385 -5.1359
27.7529 -5.1254
27.7673 -5.11493
27.7817 -5.1045
27.7961 -5.09413
27.8105 -5.08383
27.8249 -5.0735
27.8392 -5.06323
27.8536 -5.053
27.8680 -5.0428
27.8824 -5.03267
27.8968 -5.02257
27.9112 -5.01247
27.9256 -5.00243
27.9399 -4.9924
27.9543 -4.98243
27.9687 -4.9725
27.9831 -4.96263
27.9975 -4.95273
28.0119 -4.9429
28.0263 -4.93313
28.0407 -4.92333
28.0550 -4.91363
28.0694 -4.90393
28.0838 -4.89427
28.0982 -4.88467
28.1126 -4.87507
28.1270 -4.8655
28.1414 -4.85597
28.1558 -4.8465
28.1701 -4.83703
28.1845 -4.82763
28.1989 -4.8182
28.2133 -4.80887
28.2277 -4.79953
28.2421 -4.79023
28.2565 -4.781
28.2709 -4.77173
28.2852 -4.76253
28.2996 -4.7534
28.3140 -4.74423
28.3284 -4.73513
28.3428 -4.72607
28.3572 -4.71703
28.3716 -4.708
28.3860 -4.69903
28.4003 -4.69007
28.4147 -4.68113
28.4291 -4.67223
28.4435 -4.6634
28.4579 -4.65457
28.4723 -4.64577
28.4867 -4.63697
28.5011 -4.62823
28.5154 -4.61953
28.5298 -4.61087
28.5442 -4.6022
28.5586 -4.59357
28.5730 -4.58497
28.5874 -4.57643
28.6018 -4.56787
28.6161 -4.55937
28.6305 -4.55087
28.6449 -4.5424
28.6593 -4.534
28.6737 -4.52557
28.6881 -4.5172
28.7025 -4.50883
28.7169 -4.50053
28.7312 -4.49223
28.7456 -4.48397
28.7600 -4.47577
